0.0056339
0.0048641
0.0038752
0.0035777
0.0033106
0.0025334
0.0021778
0.002073
0.00066755
0.0020383
-1.4948e-05
0.00064609
0.00040154
0.0008159
-0.0026981
0.0035963
-0.0030775
0.00232
-0.00068359
0.00087324
0.00058479
0.00071215
0.00074684
0.00068487
0.00059071
0.00059451
0.00045742
6.0121e-05
-0.00058036
0.00014113
-0.0016881
-0.00096576
-1.5947e-05
-0.0037628
0.0039
-0.0039049
-0.0010843
0.0031508
-0.0006867
0.0017237
0.00088831
0.0019314
0.0023868
0.0030647
0.003923
0.0046325
0.0049985
0.0050562
0.0050929
0.0048005
