0.014672
0.015052
0.016245
0.015462
0.015974
0.013649
0.012946
0.010907
0.0091565
0.0065112
0.0058251
0.0032873
0.0016126
0.00089459
0.00041454
-0.0027539
-0.0026309
-0.0036051
-0.0037901
-0.002317
-0.0022531
-0.0021514
-0.00029774
9.2962e-06
0.0010777
0.00097238
0.0017743
0.00084358
0.00063425
-4.8326e-05
-0.0016635
-8.2322e-05
-0.0020398
-0.0002368
-0.001838
0.00071581
0.00065454
0.0018107
0.0010107
0.002709
0.0040561
0.0051317
0.006105
0.007223
0.0086145
0.0094729
0.011487
0.011755
0.014499
0.014713
