-0.00059028
0.00012196
0.0015439
6.8264e-05
0.0024947
0.0016146
0.0019657
0.0023508
0.0021781
0.0020736
0.0019414
0.0020435
0.0026288
0.0020119
0.0034532
0.001225
0.0022293
0.0018686
0.00040393
0.001734
4.7765e-05
0.001436
-0.00053224
0.00028206
-8.1826e-05
-0.00029611
0.0001804
-0.0030658
0.00073702
-0.0043897
-0.0017649
-0.0025351
-0.0058161
-0.0024953
-0.0052273
-0.00517
-0.0038604
-0.0041494
-0.0046339
-0.0038656
-0.0042603
-0.0035375
-0.0043562
-0.0035133
-0.003484
-0.0023743
-0.0043947
2.1354e-05
-0.0043333
-0.00088337
