-4.0862e+10
-4.0862e+10
-4.0862e+10
-4.0862e+10
-4.0862e+10
-4.0862e+10
-4.0862e+10
-4.0862e+10
-4.0862e+10
-4.0862e+10
-4.0862e+10
-4.0862e+10
-4.0862e+10
-4.0862e+10
-4.0862e+10
-4.0862e+10
-4.0862e+10
-4.0862e+10
-4.0862e+10
-4.0862e+10
-4.0862e+10
-4.0862e+10
-4.0862e+10
-4.0862e+10
-4.0862e+10
-4.0862e+10
-4.0862e+10
-4.0862e+10
-4.0862e+10
-4.0862e+10
-4.0862e+10
-4.0862e+10
-4.0862e+10
-4.0862e+10
-4.0862e+10
-4.0862e+10
-4.0862e+10
-4.0862e+10
-4.0862e+10
-4.0862e+10
-4.0862e+10
-4.0862e+10
-4.0862e+10
-4.0862e+10
-4.0862e+10
-4.0862e+10
-4.0862e+10
-4.0862e+10
-4.0862e+10
-4.0862e+10
