1.7367e+192
2.0786e+192
2.1163e+192
2.1358e+192
2.1596e+192
2.1893e+192
2.225e+192
2.2669e+192
2.3151e+192
2.3696e+192
2.4305e+192
2.4979e+192
2.5718e+192
2.6524e+192
2.7396e+192
2.8337e+192
2.9342e+192
3.0416e+192
3.1555e+192
3.2755e+192
3.4019e+192
3.5337e+192
3.6711e+192
3.8133e+192
3.9591e+192
4.1085e+192
4.2597e+192
4.4122e+192
4.5643e+192
4.714e+192
4.8601e+192
4.9999e+192
5.1317e+192
5.2527e+192
5.3597e+192
5.4503e+192
5.5207e+192
5.5681e+192
5.5883e+192
5.5785e+192
5.5346e+192
5.4528e+192
5.3304e+192
5.1635e+192
4.9501e+192
4.6876e+192
4.3739e+192
4.0089e+192
3.5915e+192
3.1236e+192
