1.8978e+190
3.7221e+190
5.523e+190
7.2552e+190
8.892e+190
1.0407e+191
1.177e+191
1.2952e+191
1.3917e+191
1.4629e+191
1.5048e+191
1.5129e+191
1.4823e+191
1.4077e+191
1.283e+191
1.1022e+191
8.5785e+190
5.4291e+190
1.4903e+190
-3.3299e+190
-9.1166e+190
-1.5979e+191
-2.4009e+191
-3.3322e+191
-4.404e+191
-5.626e+191
-7.012e+191
-8.5713e+191
-1.0316e+192
-1.2259e+192
-1.4407e+192
-1.6773e+192
-1.9359e+192
-2.2172e+192
-2.522e+192
-2.8495e+192
-3.2001e+192
-3.5723e+192
-3.9656e+192
-4.3778e+192
-4.8068e+192
-5.2502e+192
-5.704e+192
-6.1649e+192
-6.6276e+192
-7.0871e+192
-7.5384e+192
-7.9743e+192
-8.3891e+192
-8.7754e+192
