3.34
0.17153
0.19614
0.21001
0.216
0.21625
0.21212
0.20463
0.19481
0.1836
0.17186
0.16025
0.14943
0.13991
0.13203
0.12592
0.12167
0.11959
0.11924
0.12029
0.12263
0.12605
0.13032
0.13518
0.14026
0.14519
0.1497
0.15359
0.15661
0.15857
0.15937
0.1589
0.15712
0.15403
0.14972
0.14426
0.1378
0.13049
0.12249
0.11399
0.10519
0.09628
0.087457
0.078906
0.070822
0.063357
0.056624
0.050704
0.04569
0.041588
0.038354
0.03605
0.034616
0.033928
0.033912
0.034518
0.03563
0.037124
0.038912
0.04096
0.043188
0.045544
0.047982
0.050459
0.052927
0.055355
0.057706
0.059966
0.062145
0.06423
0.066235
0.0682
0.070149
0.072071
0.074029
0.076048
0.078101
0.080202
0.082385
0.084622
0.086893
0.089206
0.091508
0.093763
0.095938
0.097978
0.099841
0.10147
0.10286
0.10399
0.10486
0.10547
0.10583
0.10592
0.10578
0.10539
0.10474
0.10387
0.10278
0.10149
0.1
0.098341
0.096571
0.094688
0.092721
0.090685
0.088597
0.086489
0.084396
0.082332
0.080325
0.078394
0.076533
0.074756
0.073078
0.071495
0.070038
0.068708
0.067494
0.066405
0.065454
0.064644
0.063969
0.063434
0.063045
0.062791
0.0627
0.062761
0.062952
0.063267
0.06369
0.064192
0.064764
0.065412
0.066109
0.066849
0.067615
0.068409
0.069211
0.070012
0.070818
0.071615
0.072406
0.07318
0.073929
0.074667
0.07538
0.07605
0.076711
0.077351
0.077964
0.078548
0.07909
0.079609
0.080075
0.080506
0.080899
0.08124
0.081551
0.081784
0.081977
0.082125
0.082204
0.082218
0.082154
0.081996
0.081757
0.08142
0.080998
0.080488
0.079896
0.07927
0.078646
0.07799
0.07735
0.076711
0.076066
0.075406
0.074755
0.074127
0.073522
0.072957
0.072396
0.071857
0.071359
0.070865
0.070397
0.069947
0.069509
0.069099
0.068691
0.068293
0.067899
0.067524
0.067166
0.066825
0.066513
0.066229
0.065994
0.065799
0.065656
0.065573
0.065554
0.065585
0.065676
0.065803
0.065982
0.066201
0.066459
0.066732
0.067033
0.067351
0.067675
0.067999
0.068335
0.068666
0.068992
0.069323
0.069644
0.069953
0.070251
0.070544
0.070809
0.071058
0.071272
0.071467
0.071627
0.071765
0.07187
0.071966
0.072061
0.072138
0.072216
0.07229
0.072357
0.072421
0.072468
0.072471
0.072441
0.072391
0.072296
0.072176
0.072014
0.07183
0.071602
0.071355
0.071115
0.070915
0.070756
0.070618
0.070536
0.07049
0.07046
0.070395
0.07031
0.070166
0.069981
0.069793
0.069592
0.069393
0.069169
0.068945
0.068763
0.068651
0.068598
0.068585
0.068619
0.06863
0.068602
0.068499
0.068363
0.068215
0.068085
0.067984
0.067893
0.067809
0.06776
0.067733
0.067753
0.067786
0.067848
0.067915
0.067957
0.067959
0.067927
0.067888
0.067869
0.067861
0.067858
0.067876
0.067915
0.067984
0.068059
0.068149
0.068263
0.068388
0.068524
0.068666
0.068803
0.068924
0.069034
0.069138
0.069259
0.069384
0.069514
0.069641
0.069778
0.069926
0.070076
0.070231
0.070392
0.07055
0.070693
0.070831
0.070953
0.071049
0.071121
0.071162
0.071189
0.071194
0.071148
0.071081
0.070994
0.070886
0.070803
0.07078
0.070879
0.071143
0.071567
0.072095
0.072689
0.073227
0.073594
0.07371
0.073585
0.073316
0.073053
0.073008
0.0733
0.07389
0.07461
0.07515
0.075342
0.075169
0.07479
0.074484
0.0746
0.075237
0.076079
0.076709
0.076859
0.076563
0.076061
0.075772
0.076026
0.076778
0.077535
0.077901
0.077707
0.077155
0.076632
0.076525
0.076957
0.077602
0.078047
0.078026
0.077631
0.077019
0.076543
0.076458
0.076751
0.077132
0.077359
0.077276
0.076975
0.076503
0.076031
0.075686
0.075561
0.075561
0.075591
0.075609
0.075491
0.075304
0.075053
0.074763
0.07444
0.074165
0.073949
0.073729
0.073542
0.073433
0.073351
0.073298
0.073283
0.073263
0.073259
0.073269
0.073285
0.073328
0.073426
0.073596
0.073834
0.074124
0.074463
0.07484
0.075266
0.075721
0.076219
0.076771
0.077353
0.077934
0.078493
0.078943
0.07926
0.079408
0.079464
0.079632
0.080177
0.081093
0.082093
0.082681
0.082709
0.082325
0.082227
0.083039
0.084485
0.085429
0.085228
0.084421
0.084469
0.08595
0.087473
0.087473
0.086372
0.086264
0.087982
0.089443
0.088897
0.087617
0.088265
0.090302
0.090809
0.089342
0.088834
0.090652
0.091961
0.090884
0.089586
0.090737
0.092494
0.092073
0.090414
0.090632
0.092406
0.092813
0.091318
0.090499
0.091684
0.092844
0.092232
0.090794
0.090659
0.091752
0.09238
0.091664
0.090472
0.090143
0.090755
0.091316
0.09114
0.090333
0.089538
0.089258
0.089443
0.089676
0.089631
0.089337
0.088919
0.08855
0.088279
0.088134
0.088061
0.088031
0.088032
0.088071
0.088134
0.088194
0.088306
0.088511
0.088868
0.089431
0.090199
0.091183
0.092344
0.093624
0.094999
0.09637
0.09779
0.099364
0.10137
0.10388
0.10647
0.10847
0.10933
0.10953
0.11045
0.11303
0.11563
0.11598
0.11492
0.11594
0.11909
0.11984
0.11784
0.11874
0.12204
0.12114
0.11894
0.12182
0.1231
0.11969
0.12094
0.12354
0.11992
0.11989
0.123
0.11934
0.11873
0.12192
0.11815
0.11752
0.12062
0.11674
0.11642
0.11935
0.11552
0.1155
0.1183
0.11476
0.11476
0.11757
0.11456
0.11412
0.11699
0.11492
0.11353
0.11619
0.11551
0.11323
0.11478
0.11572
0.11358
0.11293
0.11438
0.11409
0.11214
0.11159
0.11221
0.11188
0.11034
0.10909
0.1086
0.1082
0.10739
0.10628
0.10518
0.1041
0.10315
0.10223
0.10132
0.1004
0.099588
0.098928
0.09857
0.098464
0.098609
0.099143
0.099987
0.10137
0.10334
0.10582
0.10877
0.11194
0.11482
0.11718
0.11964
0.12325
0.12807
0.13152
0.13214
0.13363
0.13861
0.14137
0.13975
0.14219
0.14625
0.1432
0.14375
0.1473
0.14228
0.14326
0.14437
0.1378
0.14086
0.13688
0.13263
0.13523
0.12695
0.12842
0.12536
0.11961
0.12291
0.11484
0.1164
0.11486
0.10945
0.11405
0.10824
0.10932
0.11145
0.10637
0.11134
0.11029
0.10831
0.11369
0.11134
0.11166
0.11624
0.11372
0.11471
0.11859
0.11627
0.11647
0.11977
0.1181
0.11671
0.11907
0.11864
0.11593
0.11619
0.11689
0.11495
0.11259
0.11232
0.11203
0.11031
0.10817
0.10676
0.10579
0.10472
0.1034
0.1017
0.10031
0.099249
0.098613
0.098425
0.098561
0.09904
0.099992
0.10157
0.10383
0.10689
0.11086
0.11587
0.12198
0.12841
0.13374
0.13789
0.14338
0.15162
0.15787
0.16016
0.16557
0.17265
0.17276
0.17551
0.18074
0.17712
0.1797
0.1798
0.17393
0.17688
0.16901
0.16724
0.16396
0.15504
0.15578
0.14456
0.14357
0.13703
0.12995
0.13028
0.11981
0.12141
0.11608
0.11171
0.11481
0.10781
0.11021
0.11107
0.10672
0.11177
0.11151
0.10947
0.1147
0.11478
0.11363
0.1182
0.11899
0.11746
0.12063
0.12221
0.12026
0.12122
0.12299
0.1214
0.11997
0.12075
0.1201
0.11768
0.11645
0.11602
0.11444
0.11205
0.11033
0.10908
0.10718
0.10481
0.10247
0.10042
0.098649
0.096894
0.094858
0.09265
0.090662
0.0891
0.088271
0.088252
0.089174
0.0912
0.094345
0.098275
0.10253
0.10698
0.11267
0.1205
0.12842
0.13316
0.13786
0.14711
0.15364
0.15522
0.16283
0.16781
0.1665
0.17345
0.17215
0.17085
0.1744
0.16634
0.169
0.16164
0.15755
0.15496
0.1439
0.14444
0.13169
0.12983
0.12242
0.11391
0.11408
0.10256
0.1033
0.099146
0.0928
0.097156
0.09222
0.091471
0.096954
0.094204
0.095528
0.10202
0.10198
0.10261
0.10896
0.11199
0.11154
0.1151
0.11991
0.12046
0.11996
0.12253
0.12479
0.12389
0.12219
0.12238
0.12274
0.12096
0.1183
0.11637
0.11529
0.11381
0.11131
0.10868
0.10653
0.10492
0.10355
0.10198
0.1001
0.098047
0.096302
0.094931
0.094031
0.093758
0.094295
0.095616
0.097773
0.10065
0.10388
0.10704
0.11027
0.11486
0.12214
0.12996
0.13455
0.1389
0.14809
0.15496
0.15707
0.16543
0.17086
0.17095
0.1791
0.17834
0.17968
0.18333
0.17747
0.1819
0.17435
0.17421
0.16955
0.16265
0.16184
0.15002
0.15048
0.13904
0.13576
0.13044
0.1208
0.12165
0.11144
0.10978
0.10857
0.10065
0.10317
0.10189
0.0973
0.10109
0.10245
0.099768
0.10253
0.10695
0.10713
0.10759
0.11165
0.11512
0.11576
0.11626
0.11845
0.12072
0.12138
0.12073
0.1203
0.12037
0.12015
0.11918
0.11748
0.11587
0.11453
0.11305
0.11125
0.10929
0.10726
0.1054
0.10384
0.10257
0.10164
0.10105
0.10084
0.10099
0.10153
0.10257
0.10421
0.10667
0.10985
0.11308
0.11547
0.11744
0.1216
0.12826
0.13237
0.13368
0.13976
0.1461
0.14589
0.15165
0.15642
0.15438
0.16155
0.15938
0.16051
0.16294
0.15713
0.16181
0.15305
0.15575
0.14813
0.14599
0.142
0.13428
0.13433
0.12279
0.12471
0.11394
0.11308
0.10874
0.10177
0.10457
0.09635
0.097554
0.098055
0.092651
0.09721
0.097681
0.094838
0.099834
0.10262
0.10105
0.10458
0.10958
0.11002
0.11037
0.11444
0.11776
0.11786
0.11769
0.11955
0.12141
0.12142
0.12015
0.11928
0.1192
0.11897
0.118
0.11643
0.11486
0.11359
0.11253
0.11169
0.11077
0.10994
0.10903
0.10834
0.10812
0.10847
0.10931
0.11058
0.11222
0.1141
0.11654
0.12042
0.12626
0.13266
0.13655
0.13888
0.14503
0.1528
0.15486
0.15818
0.16644
0.16671
0.16962
0.17573
0.17208
0.1779
0.1755
0.1747
0.17644
0.16935
0.17298
0.16309
0.16537
0.15614
0.15468
0.1487
0.14239
0.14081
0.13035
0.1322
0.12107
0.12215
0.11604
0.11161
0.11344
0.1054
0.1084
0.10679
0.10271
0.10737
0.10562
0.10397
0.10875
0.10883
0.10762
0.11171
0.11394
0.11277
0.11415
0.11731
0.11768
0.11663
0.11743
0.11868
0.11833
0.11691
0.11609
0.11584
0.11507
0.11367
0.11207
0.11075
0.10947
0.10821
0.1066
0.1049
0.10303
0.10154
0.10037
0.099622
0.099488
0.10014
0.10154
0.10379
0.10684
0.11044
0.114
0.11723
0.12102
0.1273
0.1347
0.13862
0.14125
0.14909
0.1547
0.15483
0.16206
0.16511
0.16375
0.17083
0.16652
0.16917
0.16831
0.16346
0.16602
0.15608
0.15897
0.14779
0.14806
0.13898
0.13471
0.13007
0.12083
0.12107
0.10899
0.1114
0.10188
0.10088
0.099731
0.092768
0.097877
0.093014
0.093164
0.098084
0.094224
0.097322
0.10234
0.10038
0.10325
0.10896
0.10872
0.10929
0.1144
0.1165
0.11524
0.1168
0.1198
0.1197
0.11789
0.11791
0.11878
0.11794
0.11572
0.11396
0.11316
0.11234
0.11085
0.10886
0.10683
0.10533
0.10429
0.10339
0.10263
0.10172
0.10089
0.10052
0.10073
0.10161
0.10308
0.10511
0.10768
0.11132
0.1168
0.12412
0.13095
0.13506
0.13957
0.14854
0.15585
0.15796
0.16535
0.17247
0.17204
0.17938
0.18115
0.18009
0.18593
0.17967
0.18371
0.17801
0.17611
0.17357
0.16541
0.16565
0.15348
0.15446
0.142
0.14071
0.1322
0.12591
0.12408
0.11324
0.11554
0.10678
0.10518
0.10578
0.098555
0.1023
0.10151
0.097815
0.10266
0.10337
0.10132
0.10562
0.10881
0.10777
0.10979
0.11411
0.11511
0.11457
0.11642
0.11867
0.11864
0.11747
0.1174
0.11771
0.11705
0.11533
0.11378
0.11261
0.1114
0.10975
0.10775
0.10575
0.10402
0.10261
0.10124
0.099987
0.098673
0.09742
0.096653
0.096515
0.097083
0.098289
0.10004
0.10238
0.10559
0.11021
0.11637
0.12211
0.12551
0.12952
0.13768
0.14405
0.14556
0.15249
0.1588
0.15792
0.16513
0.1662
0.16532
0.17093
0.1645
0.16911
0.16282
0.16201
0.15878
0.15173
0.15162
0.14002
0.14143
0.12853
0.12875
0.11876
0.11467
0.11128
0.1019
0.10441
0.094794
0.095877
0.09477
0.089121
0.094535
0.092216
0.09098
0.097195
0.096659
0.096528
0.10281
0.10506
0.10445
0.10889
0.11356
0.11359
0.11404
0.11757
0.1199
0.11911
0.1183
0.11943
0.12006
0.11894
0.11672
0.11541
0.11476
0.11378
0.11207
0.10995
0.10794
0.10635
0.10524
0.10419
0.10327
0.10224
0.10127
0.10076
0.10079
0.10142
0.10252
0.10413
0.10621
0.10926
0.1141
0.1209
0.12759
0.13156
0.13528
0.1435
0.15137
0.15351
0.15982
0.16805
0.16786
0.17436
0.17821
0.1763
0.18332
0.17806
0.18165
0.17826
0.17535
0.17506
0.16641
0.16799
0.15609
0.15751
0.14553
0.14448
0.13585
0.13014
0.1274
0.117
0.119
0.10868
0.10898
0.1064
0.10009
0.10442
0.099847
0.098763
0.1033
0.10035
0.10079
0.10585
0.10553
0.10541
0.11009
0.11245
0.11173
0.11342
0.11674
0.11748
0.1166
0.11711
0.11829
0.11809
0.11669
0.11544
0.11487
0.11403
0.11248
0.11062
0.10894
0.10747
0.10613
0.10446
0.10275
0.10064
0.098751
0.097341
0.096332
0.095932
0.096296
0.097535
0.09961
0.10236
0.10543
0.10852
0.11185
0.11689
0.1242
0.13031
0.13308
0.13836
0.14717
0.14987
0.153
0.16163
0.16099
0.16512
0.16936
0.16559
0.17198
0.16557
0.16841
0.16371
0.16057
0.15878
0.15014
0.15067
0.13841
0.13988
0.12683
0.12713
0.11685
0.11342
0.10935
0.10086
0.10323
0.093393
0.095978
0.093352
0.089258
0.094901
0.091145
0.092068
0.097843
0.095853
0.097843
0.1041
0.10433
0.10497
0.1107
0.11346
0.11259
0.11483
0.11861
0.119
0.11764
0.11837
0.11983
0.11915
0.11706
0.11558
0.11518
0.1144
0.11261
0.11042
0.10851
0.10714
0.10617
0.10503
0.10384
0.1022
0.10071
0.09965
0.099064
0.099153
0.10005
0.10183
0.10429
0.10704
0.10985
0.1131
0.11833
0.12626
0.13376
0.1377
0.14261
0.15238
0.15804
0.16037
0.16982
0.17307
0.1745
0.18266
0.17937
0.18457
0.18331
0.18126
0.18322
0.17514
0.17815
0.16703
0.16872
0.15756
0.15603
0.14741
0.14144
0.13737
0.12686
0.12741
0.11513
0.11663
0.10873
0.10522
0.10634
0.098285
0.10191
0.10038
0.096672
0.10187
0.10115
0.09954
0.10475
0.1065
0.10536
0.10914
0.11298
0.11267
0.11323
0.11648
0.11806
0.11718
0.11692
0.11802
0.11813
0.11676
0.11509
0.11436
0.11357
0.11208
0.11003
0.10821
0.10662
0.10519
0.10358
0.10187
0.099726
0.097693
0.096138
0.094994
0.094472
0.094736
0.095893
0.097917
0.10066
0.10374
0.10693
0.11045
0.11578
0.12332
0.12951
0.1325
0.1383
0.1473
0.14995
0.15377
0.16246
0.16167
0.16669
0.17024
0.16711
0.17341
0.16661
0.17026
0.16426
0.16241
0.15898
0.15152
0.1507
0.13898
0.1399
0.1264
0.12722
0.11548
0.11344
0.10752
0.10032
0.10175
0.091843
0.095166
0.091366
0.088295
0.093722
0.089625
0.091359
0.096911
0.094886
0.097376
0.10366
0.10393
0.10481
0.11061
0.11351
0.11277
0.11495
0.11877
0.11937
0.11799
0.11848
0.11993
0.11938
0.1173
0.11555
0.11497
0.11425
0.1125
0.11024
0.10817
0.10661
0.10553
0.1044
0.10328
0.10175
0.10027
0.099217
0.09865
0.098766
0.099588
0.10123
0.10345
0.10594
0.10865
0.11237
0.11854
0.12674
0.1331
0.13653
0.14314
0.15295
0.15667
0.16086
0.17063
0.17151
0.17601
0.18209
0.17896
0.18605
0.1814
0.18352
0.18123
0.1768
0.17706
0.16742
0.16892
0.15643
0.15753
0.14501
0.1438
0.13448
0.1289
0.12547
0.1152
0.11702
0.10627
0.10721
0.1039
0.098187
0.10266
0.097716
0.097432
0.10195
0.098921
0.1
0.10519
0.10481
0.1051
0.11004
0.11232
0.11168
0.11365
0.11696
0.11755
0.11665
0.11726
0.11837
0.11794
0.11637
0.11512
0.11452
0.11354
0.11181
0.10986
0.10814
0.10663
0.10522
0.10347
0.10159
0.099365
0.097472
0.095996
0.094956
0.094565
0.095004
0.096288
0.098412
0.10123
0.10435
0.1075
0.11092
0.1162
0.12378
0.12989
0.13275
0.13872
0.14761
0.14989
0.15415
0.16255
0.16138
0.16719
0.16964
0.16731
0.17316
0.16609
0.17056
0.16311
0.16305
0.15753
0.15215
0.14933
0.13926
0.13903
0.12596
0.12718
0.11417
0.11428
0.10568
0.10132
0.1006
0.091569
0.095796
0.089743
0.089361
0.093358
0.088529
0.092572
0.096398
0.09391
0.098399
0.10359
0.10275
0.10532
0.11124
0.11253
0.11217
0.11561
0.11884
0.11839
0.11743
0.11891
0.11995
0.11867
0.11645
0.11547
0.11512
0.114
0.11195
0.10972
0.10795
0.10668
0.10566
0.10442
0.10299
0.10119
0.099747
0.098664
0.098143
0.098317
0.099372
0.10133
0.10393
0.10675
0.10955
0.11275
0.11808
0.12624
0.1337
0.13749
0.14284
0.15291
0.15789
0.16083
0.17075
0.17279
0.1757
0.18303
0.17949
0.18612
0.18254
0.18315
0.18234
0.17645
0.17776
0.16725
0.1691
0.15646
0.15723
0.14517
0.14312
0.13464
0.12813
0.12544
0.11461
0.11665
0.106
0.10661
0.10377
0.097771
0.10237
0.097596
0.097142
0.10182
0.098839
0.099897
0.10515
0.10475
0.10507
0.11008
0.11227
0.11159
0.11368
0.11698
0.1174
0.11647
0.11722
0.11831
0.11772
0.11606
0.11492
0.11437
0.11332
0.1115
0.10955
0.10789
0.10641
0.10495
0.10317
0.10115
0.098886
0.09703
0.095536
0.094505
0.094165
0.094645
0.095934
0.098054
0.10094
0.10421
0.10747
0.11082
0.11569
0.12319
0.13
0.13312
0.13831
0.14754
0.15062
0.15392
0.16284
0.16218
0.16692
0.17067
0.16741
0.17371
0.16676
0.17056
0.16408
0.16271
0.15846
0.15167
0.14997
0.13879
0.13918
0.12567
0.12677
0.11411
0.11337
0.10575
0.10025
0.10042
0.090926
0.095018
0.089657
0.088428
0.09305
0.088352
0.09181
0.096282
0.09385
0.09786
0.10346
0.10286
0.105
0.111
0.11266
0.11213
0.11533
0.11874
0.11844
0.11732
0.11864
0.11976
0.11855
0.11628
0.11519
0.11482
0.11371
0.11165
0.10939
0.10758
0.10628
0.10525
0.104
0.10257
0.10074
0.099269
0.098153
0.097593
0.097734
0.098768
0.10071
0.10332
0.10616
0.10899
0.11219
0.11748
0.12567
0.13331
0.13721
0.14252
0.15267
0.15788
0.16078
0.17079
0.17303
0.17585
0.18338
0.17986
0.18646
0.18302
0.18352
0.18283
0.17684
0.1782
0.1676
0.16943
0.15673
0.15744
0.1453
0.14321
0.13461
0.1281
0.1253
0.11443
0.11643
0.10571
0.10636
0.10339
0.097413
0.10203
0.09722
0.096819
0.1015
0.09852
0.099635
0.10491
0.10453
0.10488
0.10993
0.11216
0.1115
0.1136
0.11694
0.11739
0.11646
0.11721
0.1183
0.1177
0.11602
0.11488
0.11432
0.11326
0.11142
0.10944
0.10778
0.10627
0.1048
0.103
0.10099
0.098707
0.096827
0.095314
0.094251
0.093894
0.094342
0.09561
0.0977
0.10056
0.10381
0.10707
0.11041
0.11526
0.12275
0.12962
0.1328
0.13795
0.14723
0.15042
0.1537
0.16269
0.16213
0.16686
0.17072
0.16748
0.17384
0.16694
0.17076
0.1643
0.16299
0.15869
0.15198
0.15017
0.13908
0.13937
0.12586
0.12696
0.11414
0.11356
0.10561
0.10039
0.10023
0.090817
0.094953
0.089259
0.088388
0.092738
0.087943
0.091743
0.095897
0.093445
0.097778
0.10318
0.10246
0.1049
0.11091
0.11234
0.11194
0.11536
0.11867
0.11824
0.11725
0.11872
0.11977
0.11845
0.11619
0.11523
0.11488
0.11371
0.11158
0.10932
0.10756
0.1063
0.10525
0.10398
0.10244
0.10058
0.099079
0.097938
0.097354
0.097488
0.098522
0.10049
0.10314
0.10606
0.10891
0.11199
0.11693
0.12493
0.13292
0.13711
0.14193
0.15198
0.15788
0.16034
0.17021
0.17326
0.17529
0.18343
0.17998
0.18613
0.18363
0.18314
0.18354
0.1767
0.17878
0.16779
0.16979
0.15721
0.15755
0.14599
0.14314
0.13533
0.12795
0.12581
0.11443
0.11655
0.10594
0.10612
0.10361
0.097249
0.1019
0.097217
0.09656
0.10134
0.098403
0.099364
0.10471
0.10435
0.10466
0.10973
0.11198
0.11131
0.11345
0.11682
0.11725
0.11634
0.11716
0.11828
0.11766
0.11597
0.11488
0.11434
0.11329
0.11142
0.10943
0.1078
0.10632
0.10483
0.103
0.10092
0.098638
0.096757
0.095222
0.094159
0.0938
0.094223
0.095437
0.097487
0.10032
0.10363
0.10695
0.11024
0.11473
0.12196
0.1293
0.13285
0.13727
0.14656
0.15069
0.15306
0.16227
0.16261
0.16597
0.17129
0.16727
0.17382
0.16758
0.17025
0.16545
0.16233
0.15992
0.15151
0.15119
0.13896
0.13992
0.12621
0.12691
0.11496
0.11298
0.10658
0.099726
0.1007
0.090751
0.094504
0.089741
0.087678
0.092669
0.088043
0.091022
0.09583
0.093403
0.097151
0.10295
0.10245
0.10445
0.11052
0.11232
0.11177
0.11499
0.11849
0.11822
0.11713
0.11852
0.11969
0.11843
0.11617
0.11514
0.11481
0.11367
0.11155
0.10927
0.1075
0.10625
0.10519
0.1039
0.10235
0.10045
0.098915
0.097731
0.097083
0.097159
0.098145
0.10007
0.10273
0.10573
0.10865
0.11164
0.11619
0.12388
0.13227
0.13695
0.1412
0.15096
0.15789
0.15992
0.16932
0.17373
0.17465
0.18341
0.18045
0.18548
0.18477
0.18254
0.1847
0.17659
0.17958
0.16827
0.17013
0.15825
0.15741
0.14738
0.14265
0.13677
0.12747
0.12674
0.11447
0.11655
0.10667
0.10539
0.10429
0.096928
0.10152
0.097691
0.095927
0.10111
0.098645
0.098789
0.10435
0.10449
0.10432
0.10924
0.11197
0.11129
0.11309
0.11662
0.11731
0.11634
0.11699
0.11821
0.11772
0.11607
0.11486
0.11434
0.11335
0.1115
0.1095
0.10781
0.10634
0.10485
0.10303
0.10098
0.098656
0.096741
0.095168
0.094043
0.093624
0.093964
0.095098
0.097067
0.099831
0.10313
0.10649
0.10977
0.11403
0.121
0.12863
0.13257
0.1365
0.14565
0.15067
0.15244
0.16159
0.163
0.16514
0.17163
0.16728
0.17361
0.16844
0.16969
0.16674
0.16186
0.16125
0.15137
0.15224
0.13931
0.1405
0.12706
0.1269
0.1162
0.11252
0.10782
0.099315
0.10122
0.091004
0.094007
0.090404
0.087032
0.092521
0.088238
0.090229
0.095664
0.093408
0.096423
0.10262
0.10247
0.10392
0.11003
0.11232
0.11166
0.11457
0.11831
0.11831
0.11711
0.11832
0.11966
0.11856
0.11632
0.11515
0.11482
0.11378
0.11167
0.10938
0.10755
0.10628
0.10522
0.10392
0.1024
0.10048
0.098895
0.097668
0.096954
0.096944
0.097843
0.099689
0.1023
0.10532
0.10827
0.1112
0.11544
0.12277
0.1314
0.13657
0.14043
0.14972
0.15758
0.15944
0.16815
0.1739
0.174
0.18296
0.18094
0.18458
0.18577
0.18196
0.1856
0.17669
0.18013
0.16911
0.17026
0.15965
0.15721
0.1491
0.1423
0.13835
0.12735
0.12772
0.11497
0.11657
0.10775
0.10482
0.10504
0.096912
0.10112
0.098254
0.095422
0.10081
0.098892
0.098273
0.10389
0.10455
0.10398
0.10871
0.11186
0.11123
0.11274
0.11635
0.11731
0.11634
0.11683
0.11814
0.11781
0.11619
0.11489
0.11441
0.11349
0.11167
0.10965
0.10794
0.10645
0.105
0.10315
0.10112
0.098787
0.096835
0.095228
0.094044
0.093555
0.093821
0.094854
0.096733
0.09941
0.10269
0.10609
0.10938
0.11335
0.11992
0.12782
0.13232
0.1357
0.14445
0.1506
0.15183
0.16051
0.16344
0.16414
0.17172
0.16745
0.17292
0.16962
0.16877
0.16827
0.16127
0.16263
0.15139
0.15316
0.14008
0.14081
0.12847
0.1266
0.118
0.11188
0.10937
0.099048
0.10171
0.091663
0.093286
0.091356
0.086433
0.092251
0.088706
0.089331
0.095417
0.093581
0.095581
0.10214
0.10255
0.10336
0.10936
0.11228
0.11153
0.11404
0.11801
0.11839
0.11709
0.11807
0.11959
0.11872
0.11651
0.11516
0.11484
0.11391
0.11185
0.10953
0.10765
0.10635
0.10531
0.10402
0.10252
0.10059
0.098947
0.09767
0.096878
0.09677
0.097566
0.099307
0.10187
0.1049
0.10791
0.11081
0.11469
0.12154
0.13034
0.13617
0.1397
0.14823
0.15711
0.15911
0.16667
0.17402
0.17347
0.18211
0.18171
0.1834
0.18685
0.18145
0.18633
0.17719
0.1803
0.17051
0.16996
0.16163
0.15665
0.15126
0.14183
0.14016
0.1274
0.12857
0.11594
0.11623
0.10932
0.1041
0.10587
0.097196
0.10046
0.099097
0.094959
0.10031
0.099377
0.097777
0.10327
0.10474
0.10369
0.10799
0.11174
0.11126
0.11232
0.11597
0.11735
0.1164
0.11663
0.11802
0.11793
0.11638
0.11495
0.11445
0.11364
0.1119
0.10983
0.10808
0.10659
0.10515
0.10334
0.10133
0.098966
0.096971
0.095321
0.094068
0.093491
0.093663
0.094584
0.09634
0.098925
0.10217
0.1056
0.10891
0.11265
0.11877
0.1268
0.13198
0.13497
0.14305
0.15035
0.15139
0.15915
0.16385
0.16329
0.17142
0.16803
0.17185
0.17105
0.16781
0.16977
0.16098
0.16374
0.15195
0.1537
0.14148
0.14072
0.13048
0.12601
0.12018
0.11127
0.11093
0.09915
0.1019
0.09282
0.092336
0.092428
0.086048
0.091712
0.089418
0.088429
0.094978
0.093929
0.094704
0.10148
0.10273
0.10282
0.10854
0.11223
0.11152
0.11347
0.11763
0.11851
0.11714
0.11776
0.11948
0.11892
0.11677
0.11519
0.11485
0.11409
0.11211
0.10976
0.10781
0.10644
0.10541
0.10413
0.10268
0.10074
0.099044
0.097718
0.096839
0.096619
0.097291
0.098907
0.10138
0.10439
0.10745
0.11035
0.11394
0.12025
0.12909
0.13559
0.13901
0.14664
0.15634
0.15887
0.16509
0.17382
0.17318
0.18088
0.18257
0.18223
0.18768
0.18132
0.18657
0.17822
0.17999
0.17239
0.16938
0.16393
0.1561
0.15348
0.14168
0.14174
0.12804
0.12903
0.11751
0.11566
0.11112
0.10355
0.10648
0.097885
0.099584
0.099957
0.094722
0.099605
0.099896
0.097386
0.10249
0.1049
0.10352
0.10719
0.11151
0.11134
0.11192
0.11552
0.11737
0.11652
0.11648
0.11789
0.11808
0.11661
0.11503
0.11452
0.11383
0.11218
0.11006
0.10827
0.10677
0.10534
0.10354
0.10161
0.099229
0.097179
0.095478
0.094155
0.093479
0.093544
0.094347
0.095979
0.098457
0.10163
0.10508
0.10842
0.11197
0.1176
0.12563
0.1315
0.13434
0.14152
0.14984
0.15112
0.15759
0.16405
0.16268
0.17061
0.16888
0.17054
0.17242
0.16703
0.1709
0.16118
0.1643
0.15319
0.15368
0.1435
0.14024
0.13294
0.12536
0.12243
0.11101
0.11222
0.09987
0.10171
0.094418
0.091354
0.093404
0.086051
0.0909
0.090244
0.087681
0.094305
0.094364
0.093933
0.10063
0.10288
0.10238
0.10758
0.11205
0.11156
0.1129
0.11712
0.1186
0.11725
0.11747
0.11932
0.11912
0.11706
0.11524
0.11488
0.11427
0.11242
0.11004
0.10801
0.10658
0.10552
0.10426
0.10288
0.10095
0.099191
0.097814
0.096851
0.096516
0.097058
0.098539
0.10091
0.10389
0.10699
0.10991
0.11325
0.11899
0.12769
0.1349
0.13843
0.14502
0.15525
0.15873
0.16346
0.17324
0.1732
0.17929
0.18339
0.1812
0.18805
0.18167
0.18618
0.17977
0.1792
0.17462
0.1686
0.1663
0.1557
0.15546
0.14202
0.14283
0.12942
0.12901
0.11964
0.11489
0.113
0.10335
0.10673
0.099058
0.098568
0.10073
0.094809
0.098674
0.10041
0.097208
0.10155
0.10498
0.10348
0.10633
0.11114
0.11147
0.11155
0.11497
0.1173
0.11666
0.11632
0.1177
0.11818
0.11686
0.11515
0.11456
0.11395
0.11246
0.11034
0.10846
0.10699
0.10553
0.10378
0.1019
0.099519
0.097409
0.095666
0.094275
0.093485
0.093439
0.094122
0.095626
0.097984
0.10107
0.10452
0.10789
0.11132
0.11647
0.12433
0.13088
0.13381
0.13997
0.14901
0.15102
0.15597
0.16394
0.16244
0.16938
0.16992
0.16924
0.17354
0.16667
0.17146
0.16206
0.16421
0.15509
0.15313
0.14601
0.13951
0.13554
0.12489
0.12444
0.11131
0.11297
0.10128
0.10108
0.096314
0.090496
0.094093
0.086548
0.089812
0.091075
0.087209
0.093354
0.094816
0.093332
0.099576
0.103
0.10211
0.10654
0.11173
0.11169
0.11237
0.11651
0.11864
0.11744
0.11725
0.11909
0.1193
0.11739
0.11536
0.11488
0.11442
0.11276
0.11036
0.10825
0.10677
0.10565
0.10444
0.10309
0.1012
0.099369
0.097943
0.096895
0.096451
0.096844
0.098182
0.10043
0.10335
0.10648
0.10942
0.11259
0.1178
0.12619
0.13404
0.13791
0.14347
0.15386
0.15859
0.162
0.17221
0.17346
0.17757
0.18395
0.18062
0.1878
0.18258
0.18522
0.18166
0.17816
0.17684
0.16801
0.16832
0.15587
0.15685
0.14315
0.14328
0.13147
0.12853
0.1221
0.11421
0.11461
0.10372
0.10653
0.10057
0.097596
0.10127
0.095314
0.097608
0.10079
0.097305
0.1005
0.10489
0.10359
0.10547
0.11062
0.11161
0.11129
0.11434
0.11716
0.11685
0.1162
0.11749
0.11825
0.11712
0.11535
0.11462
0.11406
0.11273
0.11067
0.10871
0.10723
0.10574
0.10408
0.10223
0.099895
0.097702
0.095899
0.094446
0.093542
0.093367
0.093937
0.0953
0.09752
0.1005
0.10393
0.10733
0.11068
0.11541
0.12296
0.1301
0.13333
0.1385
0.14788
0.15097
0.15446
0.1634
0.16253
0.16784
0.17089
0.16818
0.17415
0.16695
0.17133
0.16359
0.16358
0.15742
0.15235
0.14863
0.13897
0.13788
0.12499
0.1259
0.1124
0.11314
0.10328
0.10027
0.098231
0.090046
0.094355
0.087504
0.088622
0.091739
0.087097
0.092223
0.095177
0.092989
0.098418
0.10296
0.102
0.10549
0.11123
0.11185
0.11194
0.11585
0.11859
0.11767
0.11709
0.11887
0.11946
0.11776
0.11558
0.11494
0.11456
0.11309
0.11075
0.10855
0.10698
0.10582
0.10466
0.10332
0.10149
0.099603
0.098125
0.096982
0.096441
0.096683
0.097863
0.099978
0.10282
0.10597
0.10896
0.11199
0.11668
0.12462
0.133
0.13743
0.14205
0.1522
0.15838
0.16076
0.17073
0.17382
0.17591
0.18406
0.18051
0.18687
0.18394
0.18389
0.18365
0.17723
0.17876
0.16792
0.16973
0.15684
0.15751
0.1451
0.14312
0.13409
0.12782
0.12457
0.11391
0.11577
0.10477
0.10592
0.10231
0.09686
0.10145
0.096176
0.096537
0.10094
0.09767
0.099456
0.10461
0.10384
0.10471
0.10993
0.11172
0.11112
0.11368
0.1169
0.11701
0.11616
0.11723
0.11824
0.11737
0.11559
0.11469
0.11417
0.11298
0.111
0.109
0.10748
0.10599
0.1044
0.10256
0.1003
0.09803
0.096177
0.094648
0.09363
0.093337
0.09378
0.095005
0.097077
0.099942
0.10334
0.10677
0.11009
0.11442
0.12156
0.12918
0.13295
0.13717
0.1465
0.15096
0.15316
0.16243
0.16296
0.16616
0.17164
0.16758
0.17412
0.16785
0.17054
0.16558
0.16257
0.15988
0.15162
0.151
0.13885
0.13964
0.12583
0.12661
0.11428
0.11272
0.10572
0.09941
0.099943
0.090134
0.094121
0.088871
0.08743
0.092136
0.087404
0.090936
0.095393
0.092949
0.097164
0.10274
0.10207
0.10448
0.11056
0.11202
0.11163
0.11511
0.11843
0.11793
0.11698
0.11856
0.11956
0.11811
0.11584
0.11499
0.11466
0.11337
0.11113
0.10886
0.1072
0.10599
0.10488
0.10354
0.10181
0.099863
0.098315
0.097101
0.096447
0.096542
0.09757
0.099532
0.10228
0.10544
0.10848
0.11142
0.11565
0.12306
0.13178
0.13692
0.14084
0.15036
0.158
0.15988
0.16895
0.17415
0.17461
0.18357
0.18097
0.18544
0.1855
0.18259
0.18534
0.17683
0.18002
0.16864
0.17033
0.15865
0.15742
0.14771
0.1425
0.13691
0.12725
0.12669
0.11422
0.11627
0.10642
0.105
0.10399
0.096543
0.10115
0.097315
0.095554
0.10079
0.098273
0.098516
0.1041
0.10418
0.10409
0.10911
0.11176
0.11106
0.113
0.11654
0.11716
0.11619
0.11695
0.11817
0.11761
0.1159
0.11476
0.11429
0.11325
0.11133
0.10931
0.10768
0.1062
0.10468
0.10284
0.10068
0.098351
0.096442
0.094854
0.093726
0.093309
0.093632
0.094709
0.096632
0.099374
0.10271
0.10618
0.10949
0.11349
0.12014
0.12807
0.13253
0.13601
0.1449
0.15081
0.15216
0.16104
0.16349
0.16464
0.17192
0.16753
0.1734
0.16928
0.1693
0.16773
0.16159
0.16208
0.15135
0.15274
0.13957
0.14059
0.12754
0.1266
0.11679
0.11197
0.10824
0.09885
0.10115
0.090905
0.093401
0.090447
0.086452
0.09213
0.08809
0.089632
0.095332
0.093199
0.095924
0.10227
0.10227
0.10358
0.1097
0.11214
0.11146
0.11432
0.11813
0.11818
0.11697
0.11819
0.11956
0.11845
0.1162
0.11506
0.11474
0.11367
0.11151
0.10921
0.10741
0.10615
0.10509
0.10375
0.10214
0.10018
0.098552
0.097277
0.096512
0.096455
0.097321
0.099126
0.10176
0.10488
0.10796
0.11088
0.11472
0.12155
0.13044
0.13632
0.13985
0.14846
0.15734
0.15931
0.16703
0.17423
0.17373
0.1825
0.18177
0.18384
0.18686
0.18172
0.1864
0.17717
0.18046
0.1702
0.17016
0.16109
0.15683
0.15059
0.14188
0.13952
0.1272
0.12819
0.11536
0.11617
0.10854
0.1041
0.10537
0.096789
0.1005
0.098537
0.094888
0.10033
0.098973
0.097763
0.10339
0.10451
0.10366
0.10819
0.11169
0.11112
0.11242
0.1161
0.11727
0.11628
0.11667
0.11805
0.11781
0.1162
0.11484
0.11439
0.11352
0.1117
0.10963
0.10792
0.10644
0.10498
0.10313
0.10107
0.09871
0.096726
0.095083
0.093857
0.093317
0.093517
0.094453
0.096222
0.098835
0.10211
0.10559
0.10892
0.11264
0.11874
0.12682
0.13205
0.13505
0.14314
0.15046
0.1515
0.15933
0.16393
0.16345
0.17158
0.16807
0.17207
0.17098
0.168
0.16967
0.16105
0.16366
0.15185
0.15365
0.1412
0.14072
0.13003
0.12603
0.11965
0.11123
0.11049
0.098907
0.10171
0.092341
0.092345
0.091992
0.085889
0.091665
0.089039
0.088446
0.094931
0.093659
0.094772
0.10153
0.10253
0.10283
0.10867
0.11214
0.1114
0.11355
0.11769
0.11838
0.11704
0.11781
0.11947
0.11877
0.11659
0.11511
0.1148
0.11395
0.1119
0.10956
0.10766
0.10633
0.10529
0.10398
0.10246
0.1005
0.098802
0.097467
0.096589
0.096388
0.097094
0.098735
0.10125
0.10432
0.10744
0.11036
0.11388
0.12008
0.12896
0.13563
0.13904
0.14656
0.15638
0.15899
0.16508
0.17394
0.1733
0.18095
0.18275
0.18232
0.18784
0.18144
0.18669
0.17832
0.18008
0.17244
0.16943
0.16391
0.1561
0.15339
0.14162
0.14161
0.12791
0.12892
0.11728
0.11555
0.11085
0.10342
0.1063
0.097655
0.099522
0.099737
0.094579
0.099561
0.099716
0.09728
0.10248
0.10478
0.10343
0.10721
0.11149
0.11124
0.1119
0.11554
0.11731
0.11643
0.11645
0.11787
0.11802
0.11652
0.11496
0.11448
0.11376
0.11208
0.10995
0.10817
0.10668
0.10526
0.10344
0.10146
0.099083
0.097039
0.095333
0.094013
0.093358
0.09342
0.094217
0.095838
0.098323
0.1015
0.105
0.10835
0.11188
0.11742
0.12546
0.13148
0.13432
0.14137
0.14983
0.15119
0.15748
0.16416
0.16273
0.17059
0.16906
0.1705
0.1726
0.16704
0.17102
0.16126
0.16435
0.1533
0.15365
0.1436
0.14016
0.13299
0.12526
0.12241
0.11089
0.11212
0.099758
0.10155
0.094303
0.091184
0.093267
0.085906
0.090744
0.090113
0.087552
0.094184
0.094247
0.093839
0.10055
0.1028
0.10232
0.10754
0.11199
0.11149
0.11286
0.11709
0.11854
0.11719
0.11744
0.11929
0.11906
0.11698
0.11519
0.11483
0.1142
0.11232
0.10993
0.10791
0.10651
0.10545
0.10417
0.10275
0.1008
0.099033
0.097642
0.096667
0.096325
0.096867
0.098348
0.10072
0.10373
0.10688
0.10982
0.11311
0.11871
0.12737
0.13479
0.13838
0.14475
0.15507
0.1588
0.16326
0.17319
0.17333
0.1791
0.18362
0.18118
0.18816
0.18187
0.18617
0.1801
0.17913
0.17498
0.16855
0.1666
0.15568
0.15565
0.14209
0.14287
0.12954
0.12889
0.1198
0.11471
0.11306
0.10325
0.10662
0.099058
0.09837
0.10069
0.094741
0.098496
0.10035
0.097113
0.10139
0.10491
0.10341
0.10621
0.11106
0.11142
0.11149
0.11491
0.11727
0.11665
0.11627
0.11768
0.11817
0.11684
0.11512
0.11454
0.11393
0.11244
0.11031
0.10842
0.10696
0.10549
0.10375
0.10186
0.099462
0.097351
0.095593
0.094187
0.093402
0.093336
0.094004
0.095479
0.097812
0.10089
0.10436
0.10776
0.11116
0.1162
0.124
0.13074
0.13373
0.13965
0.14882
0.15105
0.15567
0.16392
0.16248
0.16914
0.17019
0.16905
0.17376
0.16674
0.17153
0.16233
0.16416
0.15549
0.153
0.14646
0.13938
0.13592
0.12481
0.12466
0.11135
0.11295
0.10146
0.10087
0.096509
0.090291
0.094052
0.086554
0.089543
0.091088
0.08708
0.093127
0.094792
0.093194
0.099366
0.10294
0.10203
0.10635
0.11163
0.11165
0.11228
0.11641
0.1186
0.11743
0.1172
0.11905
0.1193
0.11739
0.11535
0.11487
0.11442
0.11275
0.11034
0.10823
0.10675
0.10562
0.10441
0.10305
0.10114
0.099291
0.097852
0.096782
0.096313
0.096691
0.098
0.10023
0.10316
0.10633
0.1093
0.11241
0.11744
0.12573
0.13378
0.13782
0.14308
0.15347
0.15861
0.16167
0.17191
0.17361
0.17718
0.18409
0.1806
0.1877
0.18294
0.18498
0.1822
0.17795
0.17738
0.16795
0.16873
0.15601
0.15707
0.14349
0.14329
0.13198
0.12833
0.12258
0.11404
0.11484
0.10379
0.10636
0.10084
0.097334
0.10126
0.095372
0.097329
0.10077
0.09729
0.10024
0.1048
0.10359
0.10527
0.11046
0.1116
0.11121
0.11419
0.1171
0.11684
0.11615
0.11743
0.11823
0.11714
0.11535
0.11462
0.11406
0.11275
0.11068
0.10873
0.10724
0.10576
0.10409
0.10224
0.09991
0.097702
0.095887
0.094419
0.093493
0.093294
0.093826
0.095151
0.097332
0.10028
0.10373
0.10715
0.11049
0.11508
0.12252
0.12984
0.13325
0.13809
0.14751
0.15101
0.15407
0.1632
0.16267
0.16738
0.17118
0.16798
0.17425
0.16717
0.17119
0.16413
0.16334
0.15811
0.15212
0.14931
0.13885
0.1384
0.12509
0.12612
0.11277
0.11302
0.10383
0.099961
0.098639
0.089939
0.094269
0.087753
0.088239
0.091808
0.08707
0.091851
0.095191
0.0929
0.098067
0.10288
0.10196
0.1052
0.11105
0.11185
0.11183
0.11566
0.11854
0.11771
0.11703
0.11879
0.11947
0.1178
0.1156
0.11493
0.11456
0.11313
0.11079
0.10857
0.107
0.10583
0.10467
0.10333
0.1015
0.09959
0.098088
0.096926
0.096347
0.096556
0.097698
0.099773
0.10261
0.10578
0.1088
0.1118
0.1163
0.12407
0.13261
0.13729
0.14163
0.15162
0.15832
0.16046
0.17021
0.174
0.17549
0.18403
0.18066
0.1865
0.18448
0.1835
0.18427
0.17706
0.17926
0.16806
0.17002
0.1573
0.15755
0.14582
0.14293
0.13491
0.12759
0.1252
0.11387
0.11595
0.10513
0.10562
0.10276
0.096653
0.10135
0.096431
0.09619
0.10089
0.097789
0.099138
0.10446
0.10391
0.10449
0.10969
0.11172
0.11107
0.11347
0.11681
0.11703
0.11614
0.11715
0.11822
0.11742
0.11566
0.1147
0.11419
0.11303
0.11106
0.10905
0.1075
0.10602
0.10445
0.1026
0.10037
0.098085
0.09621
0.094659
0.093607
0.093276
0.093683
0.094856
0.096874
0.099702
0.10309
0.10655
0.10987
0.11406
0.12103
0.1288
0.13283
0.13674
0.14597
0.15095
0.15279
0.16201
0.16318
0.16563
0.17182
0.16752
0.17398
0.16831
0.17017
0.16632
0.16223
0.16067
0.15146
0.15166
0.13898
0.14003
0.12628
0.12665
0.11501
0.11246
0.1065
0.099135
0.10035
0.090261
0.093878
0.089316
0.08703
0.092131
0.087538
0.090471
0.095367
0.092962
0.096739
0.10258
0.10209
0.10416
0.11028
0.11203
0.11153
0.11486
0.11833
0.11798
0.11695
0.11844
0.11955
0.11818
0.11592
0.115
0.11467
0.11343
0.11121
0.10893
0.10724
0.10602
0.10491
0.10357
0.10186
0.099902
0.098324
0.097086
0.096391
0.096441
0.097414
0.099327
0.10205
0.10521
0.10828
0.11121
0.11527
0.12244
0.13127
0.13672
0.14045
0.14963
0.1578
0.15966
0.16825
0.17426
0.17426
0.18326
0.18129
0.18488
0.18609
0.18225
0.18585
0.17689
0.1803
0.16915
0.17036
0.15948
0.15723
0.14874
0.14224
0.13789
0.12713
0.12728
0.1145
0.11628
0.10709
0.10463
0.10448
0.096518
0.10092
0.097715
0.095245
0.10063
0.098489
0.0982
0.10384
0.10427
0.10388
0.10878
0.11173
0.11106
0.11278
0.1164
0.11719
0.1162
0.11685
0.11813
0.11766
0.11599
0.11478
0.11431
0.11333
0.11144
0.1094
0.10775
0.10627
0.10477
0.10291
0.10079
0.098444
0.096511
0.094895
0.093735
0.09328
0.093552
0.094574
0.096434
0.099133
0.10245
0.10593
0.10926
0.11312
0.11955
0.12758
0.13236
0.1356
0.14421
0.15072
0.15187
0.1604
0.16371
0.16415
0.17189
0.16771
0.17295
0.16996
0.16879
0.16856
0.16132
0.1628
0.15144
0.1532
0.14009
0.14073
0.12841
0.12641
0.11784
0.11163
0.10912
0.098751
0.1014
0.091333
0.092992
0.091012
0.086144
0.091972
0.088388
0.089126
0.095191
0.093316
0.095454
0.102
0.10234
0.10326
0.10932
0.11214
0.1114
0.11403
0.11797
0.11825
0.11698
0.11805
0.11953
0.11856
0.11633
0.11507
0.11476
0.11376
0.11163
0.10931
0.10748
0.1062
0.10514
0.10381
0.10223
0.10026
0.0986
0.097303
0.096489
0.096378
0.097184
0.098926
0.10152
0.10463
0.10774
0.11066
0.11435
0.1209
0.12982
0.13605
0.13949
0.14765
0.15699
0.15917
0.16622
0.17418
0.17351
0.18193
0.1822
0.18321
0.18736
0.18155
0.18665
0.17758
0.18041
0.17107
0.16993
0.16223
0.15653
0.15176
0.14169
0.14044
0.12734
0.12856
0.11603
0.11597
0.10943
0.10375
0.10578
0.097022
0.10011
0.099002
0.094675
0.10004
0.099257
0.097515
0.10304
0.10461
0.10353
0.1078
0.11162
0.11116
0.11219
0.11589
0.11728
0.11632
0.11658
0.11798
0.11789
0.11632
0.11488
0.11442
0.11362
0.11185
0.10975
0.10801
0.10653
0.10508
0.10324
0.1012
0.098832
0.09683
0.095157
0.093896
0.09331
0.093452
0.094326
0.096035
0.098597
0.10183
0.10533
0.10868
0.1123
0.11814
0.12624
0.13184
0.13472
0.14238
0.15025
0.15135
0.15855
0.16409
0.1631
0.17124
0.16848
0.17143
0.17173
0.16755
0.17035
0.16104
0.16407
0.15236
0.15375
0.14212
0.14054
0.13124
0.12568
0.12084
0.11099
0.11124
0.099134
0.1017
0.093086
0.091832
0.092548
0.0858
0.091309
0.08946
0.088015
0.094649
0.093888
0.094338
0.10114
0.10263
0.10257
0.10821
0.11209
0.11141
0.11326
0.11746
0.11845
0.11708
0.11765
0.1194
0.11888
0.11673
0.11513
0.11482
0.11405
0.11206
0.1097
0.10775
0.10639
0.10535
0.10405
0.10256
0.10059
0.098863
0.097503
0.096579
0.096318
0.096959
0.098534
0.10099
0.10405
0.1072
0.11013
0.11353
0.11944
0.12824
0.13528
0.13874
0.14572
0.15583
0.15891
0.16424
0.17369
0.17329
0.18016
0.1832
0.18177
0.18809
0.18156
0.18657
0.17908
0.17972
0.17357
0.16903
0.16515
0.15585
0.15448
0.1417
0.14228
0.1285
0.12898
0.11831
0.11516
0.11185
0.10323
0.1065
0.098191
0.098984
0.10016
0.094571
0.099104
0.099996
0.097149
0.102
0.10485
0.10339
0.10677
0.11131
0.11132
0.1117
0.11528
0.11731
0.11652
0.11637
0.1178
0.11809
0.11666
0.11502
0.11451
0.11384
0.11224
0.11009
0.10827
0.10679
0.10535
0.10355
0.10162
0.099225
0.097157
0.095429
0.094072
0.093356
0.093368
0.094101
0.095657
0.098079
0.10121
0.1047
0.10808
0.11155
0.11684
0.1248
0.13117
0.13405
0.14057
0.14942
0.15113
0.15664
0.16412
0.16257
0.17
0.16959
0.16983
0.17321
0.16683
0.17137
0.16166
0.16438
0.15422
0.15341
0.14485
0.13979
0.13434
0.12498
0.12349
0.11097
0.11259
0.10041
0.10129
0.095259
0.090716
0.093671
0.086106
0.090222
0.09055
0.087278
0.093738
0.094487
0.093502
0.10004
0.10287
0.10215
0.10701
0.11185
0.11155
0.11259
0.11679
0.11858
0.11728
0.11732
0.11918
0.11917
0.11715
0.11524
0.11484
0.11431
0.1125
0.1101
0.10804
0.1066
0.10551
0.10426
0.10287
0.10092
0.099119
0.097707
0.096691
0.09629
0.09676
0.098164
0.10048
0.10345
0.10662
0.10958
0.11278
0.1181
0.12661
0.13434
0.13812
0.14395
0.15436
0.15873
0.1625
0.17267
0.17346
0.17822
0.18392
0.18086
0.18807
0.18231
0.1857
0.18106
0.17861
0.17614
0.16822
0.16768
0.15573
0.15642
0.14262
0.14317
0.13055
0.12868
0.12104
0.11434
0.11393
0.1034
0.10657
0.099832
0.09785
0.101
0.09496
0.097958
0.10056
0.097131
0.10085
0.10489
0.10346
0.10576
0.11081
0.11149
0.11134
0.1146
0.1172
0.11673
0.11621
0.11757
0.1182
0.11698
0.11522
0.11457
0.114
0.11258
0.11048
0.10855
0.10709
0.10562
0.10389
0.10203
0.09965
0.097494
0.095711
0.094276
0.093423
0.093296
0.093901
0.095308
0.097572
0.10059
0.10405
0.10747
0.11084
0.11564
0.12329
0.13033
0.13349
0.13889
0.14823
0.15104
0.15488
0.16364
0.16254
0.16833
0.17069
0.16849
0.17409
0.16685
0.17147
0.16312
0.16384
0.1567
0.15259
0.14783
0.13907
0.13716
0.12483
0.12545
0.11189
0.11306
0.10248
0.10044
0.097517
0.090032
0.094208
0.087043
0.088916
0.091438
0.086995
0.092535
0.094983
0.093001
0.098754
0.10293
0.10195
0.1058
0.11138
0.11173
0.11204
0.11606
0.11858
0.11754
0.11711
0.11893
0.11938
0.11758
0.11546
0.11489
0.11449
0.11293
0.11054
0.10838
0.10686
0.10572
0.10452
0.10317
0.10129
0.09941
0.097944
0.096828
0.096307
0.096609
0.097837
0.099996
0.10288
0.10606
0.10906
0.11211
0.11687
0.12492
0.13324
0.13756
0.14235
0.1526
0.1585
0.16105
0.17115
0.17381
0.17633
0.18415
0.18055
0.18722
0.18364
0.18428
0.18323
0.17747
0.17838
0.1679
0.16946
0.15651
0.15741
0.1445
0.1432
0.13333
0.12797
0.12387
0.11386
0.11545
0.10433
0.10605
0.10175
0.096938
0.10137
0.095829
0.096765
0.10086
0.097479
0.099706
0.10467
0.10371
0.10488
0.11011
0.11165
0.11112
0.11385
0.11697
0.11693
0.11614
0.1173
0.11823
0.11726
0.11548
0.11466
0.11414
0.11288
0.11087
0.10887
0.10738
0.10589
0.10428
0.10242
0.10012
0.097875
0.096031
0.09453
0.093537
0.093273
0.093751
0.095
0.097104
0.1
0.10342
0.10687
0.11019
0.11458
0.1218
0.12936
0.13305
0.13742
0.1468
0.15101
0.15341
0.16269
0.16291
0.16652
0.17156
0.16769
0.17423
0.16765
0.17078
0.16516
0.16282
0.15938
0.15176
0.15053
0.1388
0.1393
0.12554
0.12648
0.11375
0.1128
0.10508
0.09953
0.099514
0.089986
0.094143
0.08845
0.087623
0.092009
0.087226
0.091197
0.095304
0.092882
0.097436
0.10277
0.10199
0.10469
0.11071
0.11194
0.11167
0.11529
0.11845
0.11783
0.11698
0.11863
0.11952
0.11799
0.11573
0.11495
0.11461
0.11327
0.11098
0.10873
0.10711
0.10592
0.10479
0.10345
0.10166
0.099722
0.098187
0.096985
0.09635
0.096482
0.097545
0.099546
0.10233
0.10551
0.10856
0.11152
0.11578
0.12327
0.13198
0.13703
0.14103
0.15066
0.15811
0.16002
0.16928
0.17416
0.17483
0.18375
0.18092
0.18574
0.18529
0.18284
0.18513
0.17688
0.17989
0.16847
0.1703
0.15827
0.15747
0.14718
0.1426
0.13637
0.12729
0.1263
0.11405
0.11619
0.10601
0.10513
0.10363
0.096484
0.1012
0.097017
0.095681
0.1008
0.098102
0.09865
0.10418
0.10408
0.10417
0.10926
0.11174
0.11104
0.11313
0.11662
0.11711
0.11615
0.117
0.11818
0.11755
0.11581
0.11473
0.11425
0.11318
0.11124
0.10921
0.10762
0.10614
0.1046
0.10275
0.10057
0.098257
0.096343
0.094771
0.093654
0.093269
0.093611
0.094707
0.096649
0.099418
0.10277
0.10624
0.10956
0.11359
0.1203
0.12823
0.1326
0.13616
0.14513
0.15087
0.1523
0.16127
0.16345
0.16486
0.17195
0.16752
0.17357
0.16907
0.16951
0.16743
0.16173
0.16179
0.15135
0.15252
0.13939
0.14048
0.1272
0.12661
0.11632
0.11206
0.1078
0.098857
0.10094
0.090675
0.093497
0.090126
0.086539
0.092114
0.087908
0.089802
0.09532
0.093097
0.096095
0.10233
0.1022
0.10369
0.10983
0.1121
0.11144
0.11444
0.11817
0.11811
0.11695
0.11825
0.11955
0.11836
0.1161
0.11503
0.11471
0.11359
0.11141
0.10911
0.10735
0.1061
0.10502
0.10368
0.10204
0.10006
0.098451
0.097185
0.096431
0.096401
0.097295
0.099128
0.10179
0.10493
0.10802
0.11094
0.11481
0.12169
0.13058
0.13641
0.13996
0.14867
0.15745
0.15938
0.16727
0.17427
0.17384
0.18268
0.1817
0.18407
0.18675
0.18183
0.18634
0.17711
0.18047
0.16999
0.17023
0.16075
0.15692
0.15021
0.14193
0.13918
0.12714
0.12801
0.11514
0.1162
0.10818
0.10419
0.10517
0.096674
0.10057
0.098335
0.094919
0.10038
0.098849
0.097829
0.10349
0.10443
0.10368
0.10833
0.1117
0.11109
0.11249
0.11617
0.11724
0.11624
0.11671
0.11806
0.11778
0.11614
0.11483
0.11436
0.11347
0.11163
0.10958
0.10787
0.1064
0.10492
0.10305
0.10098
0.098623
0.096652
0.095012
0.093806
0.093286
0.093498
0.09445
0.096234
0.098868
0.10215
0.10564
0.10898
0.11271
0.11886
0.12695
0.13212
0.13514
0.14333
0.15053
0.15157
0.15952
0.16393
0.16358
0.17167
0.16802
0.17225
0.17083
0.16815
0.16951
0.16108
0.16354
0.15175
0.15359
0.14096
0.14073
0.1297
0.12609
0.11929
0.11126
0.11022
0.098818
0.10164
0.092097
0.092444
0.091778
0.085893
0.091711
0.088879
0.088556
0.094976
0.09357
0.094889
0.10162
0.10249
0.1029
0.1088
0.11214
0.11139
0.11365
0.11774
0.11835
0.11701
0.11785
0.11948
0.11872
0.11652
0.11509
0.11478
0.1139
0.11182
0.10948
0.1076
0.10629
0.10524
0.10393
0.10239
0.10041
0.098725
0.097393
0.09653
0.096343
0.097068
0.098729
0.10126
0.10435
0.10748
0.11041
0.11394
0.12017
0.12906
0.1357
0.1391
0.1467
0.15647
0.15903
0.16524
0.17401
0.17335
0.18112
0.18272
0.18246
0.18781
0.18146
0.18672
0.17823
0.18015
0.17225
0.16952
0.16366
0.15616
0.15316
0.1416
0.14143
0.12778
0.12886
0.11705
0.1156
0.11061
0.10345
0.1062
0.097506
0.099592
0.0996
0.094561
0.099609
0.099624
0.097299
0.10256
0.10475
0.10342
0.10729
0.1115
0.11122
0.11193
0.1156
0.1173
0.11641
0.11647
0.1179
0.11799
0.11647
0.11493
0.11447
0.11373
0.11203
0.10991
0.10814
0.10665
0.10521
0.10339
0.1014
0.099013
0.096981
0.095278
0.093969
0.09332
0.093405
0.094205
0.095835
0.098332
0.10152
0.10502
0.10839
0.11192
0.11749
0.12554
0.13153
0.13437
0.14148
0.14989
0.15122
0.15761
0.16417
0.16278
0.1707
0.16901
0.17063
0.17253
0.16711
0.17097
0.16123
0.16434
0.15317
0.15368
0.14339
0.14021
0.13275
0.12529
0.12219
0.11087
0.112
0.099633
0.10156
0.094109
0.091237
0.093157
0.085858
0.09081
0.089998
0.087593
0.094242
0.094177
0.093882
0.10063
0.10277
0.10234
0.10763
0.112
0.11147
0.11291
0.11715
0.11853
0.11717
0.11746
0.11931
0.11904
0.11694
0.11518
0.11483
0.11417
0.11227
0.10989
0.10788
0.10648
0.10543
0.10414
0.10271
0.10075
0.098986
0.097597
0.096626
0.096296
0.096851
0.098342
0.10073
0.10375
0.1069
0.10985
0.11314
0.11876
0.12745
0.13483
0.13842
0.14483
0.15515
0.15881
0.16335
0.17326
0.17333
0.17921
0.18359
0.18124
0.18818
0.18183
0.18623
0.17999
0.17922
0.17483
0.1686
0.16645
0.1557
0.15554
0.14202
0.14282
0.1294
0.12891
0.11961
0.11476
0.11291
0.10323
0.10661
0.098934
0.098417
0.10062
0.094685
0.098554
0.10031
0.097091
0.10145
0.10488
0.10338
0.10626
0.11108
0.1114
0.11151
0.11494
0.11727
0.11662
0.11628
0.11769
0.11815
0.11681
0.11512
0.11454
0.11392
0.11242
0.11028
0.1084
0.10694
0.10548
0.10372
0.10182
0.099422
0.097316
0.095561
0.094163
0.093384
0.093328
0.094002
0.095481
0.097825
0.1009
0.10439
0.10778
0.1112
0.11624
0.12407
0.13078
0.13376
0.13973
0.14888
0.15107
0.15576
0.16395
0.16249
0.16923
0.17015
0.16913
0.17372
0.16674
0.17153
0.16227
0.16419
0.15537
0.15305
0.1463
0.13941
0.13577
0.12481
0.12455
0.11129
0.11292
0.10133
0.1009
0.096365
0.090309
0.094005
0.086484
0.089599
0.091022
0.087079
0.093181
0.09475
0.093206
0.099425
0.10292
0.10203
0.10642
0.11165
0.11163
0.1123
0.11644
0.11859
0.1174
0.1172
0.11906
0.11928
0.11735
0.11533
0.11486
0.1144
0.11271
0.11031
0.1082
0.10673
0.10561
0.10439
0.10302
0.1011
0.099255
0.097816
0.096752
0.096286
0.096677
0.097997
0.10023
0.10317
0.10635
0.10932
0.11244
0.11748
0.12577
0.13382
0.13784
0.14313
0.15353
0.15864
0.16173
0.17198
0.17362
0.17725
0.1841
0.18062
0.18775
0.18291
0.18505
0.18213
0.178
0.17731
0.16797
0.16867
0.15598
0.15703
0.14341
0.14328
0.13185
0.12834
0.12245
0.11404
0.11477
0.10376
0.10639
0.10075
0.09736
0.10123
0.095321
0.097377
0.10074
0.097264
0.10029
0.10481
0.10355
0.10531
0.11048
0.11157
0.1112
0.11423
0.1171
0.11683
0.11616
0.11744
0.11823
0.11712
0.11533
0.11461
0.11406
0.11273
0.11066
0.1087
0.10722
0.10574
0.10407
0.10222
0.09988
0.097676
0.095866
0.094399
0.093476
0.093281
0.09382
0.095152
0.097336
0.1003
0.10374
0.10717
0.11052
0.11511
0.12256
0.12988
0.13327
0.13814
0.14756
0.15103
0.15412
0.16324
0.16268
0.16745
0.17117
0.16802
0.17426
0.16716
0.17122
0.16406
0.16337
0.15802
0.15215
0.14921
0.13885
0.13832
0.12505
0.12607
0.11269
0.11301
0.10372
0.099971
0.098551
0.089917
0.094249
0.087696
0.088269
0.091771
0.087057
0.09189
0.095179
0.092895
0.098114
0.10288
0.10195
0.10524
0.11108
0.11184
0.11184
0.11569
0.11854
0.11768
0.11703
0.1188
0.11946
0.11778
0.11559
0.11492
0.11456
0.11311
0.11076
0.10855
0.10698
0.10581
0.10465
0.10331
0.10146
0.099557
0.098059
0.096898
0.096323
0.096543
0.097685
0.099767
0.10261
0.10579
0.10881
0.11181
0.11631
0.12409
0.13263
0.13731
0.14166
0.15166
0.15833
0.16048
0.17027
0.17399
0.17552
0.18404
0.18065
0.18654
0.18444
0.18354
0.18423
0.17709
0.17924
0.16805
0.17
0.15726
0.15755
0.14575
0.14294
0.13482
0.1276
0.12515
0.11385
0.11591
0.10507
0.10563
0.10269
0.096654
0.10135
0.096383
0.096196
0.10088
0.097761
0.099167
0.10447
0.10388
0.1045
0.10971
0.1117
0.11106
0.11349
0.11681
0.11703
0.11614
0.11715
0.11821
0.11741
0.11565
0.11468
0.11418
0.11302
0.11104
0.10904
0.1075
0.10601
0.10444
0.10259
0.10035
0.098065
0.096192
0.094644
0.093596
0.093266
0.093675
0.09485
0.096874
0.099707
0.1031
0.10656
0.10988
0.11408
0.12106
0.12882
0.13283
0.13677
0.14599
0.15096
0.15281
0.16204
0.16317
0.16567
0.17182
0.16753
0.174
0.16829
0.1702
0.16628
0.16226
0.16063
0.15147
0.15162
0.13897
0.14
0.12624
0.12665
0.11494
0.11246
0.10643
0.099135
0.1003
0.090234
0.093892
0.089267
0.087047
0.092123
0.087506
0.0905
0.095353
0.092948
0.096763
0.10259
0.10208
0.10418
0.11031
0.11203
0.11154
0.11488
0.11834
0.11797
0.11695
0.11845
0.11955
0.11818
0.11591
0.11499
0.11467
0.11342
0.1112
0.10891
0.10723
0.10601
0.1049
0.10356
0.10184
0.099881
0.098308
0.097071
0.096372
0.096427
0.09741
0.099325
0.10205
0.10521
0.10829
0.11122
0.11527
0.12246
0.13129
0.13673
0.14046
0.14966
0.15782
0.15966
0.16828
0.17425
0.17428
0.18328
0.18128
0.18491
0.18607
0.18227
0.18583
0.17689
0.18029
0.16912
0.17036
0.15944
0.15725
0.14868
0.14226
0.13782
0.12711
0.12725
0.11448
0.11626
0.10704
0.10466
0.10445
0.096494
0.10092
0.097666
0.095239
0.10064
0.098455
0.098196
0.10386
0.10425
0.1039
0.10879
0.11173
0.11105
0.11278
0.1164
0.11717
0.11619
0.11686
0.11814
0.11766
0.11598
0.11478
0.1143
0.11332
0.11143
0.10939
0.10774
0.10626
0.10476
0.1029
0.10077
0.098428
0.096495
0.094885
0.093725
0.093267
0.093543
0.094569
0.096432
0.099132
0.10245
0.10593
0.10926
0.11312
0.11956
0.12759
0.13236
0.13561
0.14422
0.15072
0.15188
0.1604
0.16371
0.16415
0.17189
0.1677
0.17296
0.16995
0.1688
0.16854
0.16133
0.16278
0.15144
0.15319
0.14008
0.14073
0.12838
0.12642
0.11781
0.11164
0.10909
0.098747
0.1014
0.091314
0.093003
0.090972
0.086137
0.091965
0.088366
0.089139
0.095191
0.093305
0.095463
0.102
0.10233
0.10327
0.10933
0.11213
0.11139
0.11403
0.11797
0.11824
0.11697
0.11805
0.11953
0.11855
0.11632
0.11506
0.11475
0.11376
0.11162
0.1093
0.10747
0.1062
0.10514
0.10381
0.10222
0.10025
0.098593
0.097294
0.096483
0.096371
0.09718
0.098923
0.10152
0.10464
0.10775
0.11067
0.11435
0.1209
0.12982
0.13606
0.1395
0.14765
0.157
0.15917
0.16622
0.17419
0.17352
0.18194
0.18221
0.18322
0.18736
0.18155
0.18665
0.17759
0.18042
0.17106
0.16993
0.16222
0.15653
0.15175
0.14168
0.14044
0.12736
0.12857
0.116
0.11595
0.10941
0.10376
0.10576
0.097025
0.1001
0.098988
0.094684
0.10003
0.09924
0.097525
0.10304
0.1046
0.10353
0.1078
0.11162
0.11115
0.11219
0.11589
0.11728
0.11632
0.11657
0.11798
0.11788
0.1163
0.11488
0.11442
0.1136
0.11183
0.10975
0.10801
0.10652
0.10507
0.10323
0.10119
0.098818
0.096813
0.095142
0.09388
0.093298
0.093442
0.094316
0.096022
0.098587
0.10182
0.10533
0.10867
0.11229
0.11813
0.12623
0.13184
0.13472
0.14237
0.15025
0.15136
0.15855
0.1641
0.1631
0.17125
0.16849
0.17142
0.17175
0.16755
0.17036
0.16104
0.16407
0.15236
0.15375
0.14212
0.14052
0.13123
0.12566
0.12082
0.11097
0.11123
0.09911
0.10168
0.093073
0.091804
0.09254
0.085786
0.091298
0.089461
0.088006
0.094641
0.093883
0.094335
0.10114
0.10264
0.10258
0.10821
0.1121
0.11142
0.11325
0.11746
0.11845
0.11708
0.11764
0.1194
0.11888
0.11674
0.11513
0.11481
0.11405
0.11206
0.10969
0.10774
0.10638
0.10534
0.10404
0.10255
0.10058
0.098857
0.097493
0.096571
0.096309
0.096948
0.098519
0.10098
0.10404
0.10718
0.11011
0.11351
0.11943
0.12824
0.13527
0.13873
0.14572
0.15583
0.15891
0.16425
0.17369
0.17329
0.18017
0.18319
0.18177
0.18809
0.18156
0.18658
0.17907
0.17974
0.17356
0.16905
0.16514
0.15586
0.15447
0.14172
0.14226
0.12851
0.12897
0.11828
0.11519
0.11182
0.10324
0.10649
0.098165
0.099
0.10016
0.094559
0.099097
0.099995
0.097136
0.102
0.10485
0.10338
0.10676
0.11132
0.11131
0.1117
0.11528
0.1173
0.11651
0.11638
0.1178
0.11808
0.11665
0.11503
0.1145
0.11383
0.11224
0.11008
0.10827
0.1068
0.10534
0.10354
0.10162
0.099216
0.097145
0.095419
0.09406
0.093345
0.09336
0.094095
0.095646
0.098067
0.1012
0.10469
0.10807
0.11154
0.11683
0.12478
0.13116
0.13404
0.14055
0.14941
0.15112
0.15664
0.16412
0.16257
0.16999
0.16959
0.16982
0.17322
0.16682
0.17137
0.16166
0.16438
0.15423
0.15341
0.14486
0.1398
0.13435
0.12498
0.12349
0.11097
0.11258
0.10041
0.10128
0.095255
0.090711
0.093663
0.086098
0.090212
0.09054
0.087269
0.093729
0.094483
0.093494
0.10003
0.10287
0.10215
0.10701
0.11185
0.11155
0.11258
0.1168
0.11858
0.11728
0.11732
0.11919
0.11917
0.11715
0.11524
0.11485
0.11431
0.1125
0.1101
0.10804
0.10661
0.10552
0.10426
0.10287
0.10092
0.099123
0.097706
0.096687
0.096285
0.096755
0.098158
0.10047
0.10345
0.10662
0.10958
0.11277
0.11809
0.12659
0.13433
0.13811
0.14393
0.15435
0.15873
0.16248
0.17266
0.17345
0.1782
0.18392
0.18085
0.18806
0.18232
0.1857
0.18107
0.1786
0.17615
0.16822
0.16769
0.15573
0.15643
0.14262
0.14316
0.13058
0.12869
0.12107
0.11435
0.11395
0.10339
0.10656
0.099828
0.097855
0.10099
0.094964
0.097963
0.10057
0.097131
0.10085
0.10488
0.10344
0.10575
0.1108
0.11149
0.11134
0.11459
0.1172
0.11673
0.11621
0.11757
0.1182
0.11697
0.11521
0.11457
0.11399
0.11259
0.11048
0.10855
0.10709
0.10562
0.1039
0.10203
0.099644
0.097501
0.095718
0.094271
0.093429
0.093299
0.093904
0.095305
0.097567
0.10058
0.10405
0.10747
0.11084
0.11564
0.12328
0.13033
0.1335
0.13887
0.14823
0.15105
0.15487
0.16365
0.16254
0.16832
0.17071
0.16848
0.1741
0.16686
0.17146
0.16313
0.16382
0.15672
0.15257
0.14784
0.13906
0.13717
0.12482
0.12545
0.11189
0.11305
0.1025
0.10042
0.097531
0.090018
0.094206
0.087046
0.088906
0.091445
0.086997
0.092526
0.095002
0.092998
0.098751
0.10293
0.10196
0.1058
0.11138
0.11174
0.11204
0.11606
0.11858
0.11755
0.1171
0.11892
0.11938
0.11757
0.11545
0.11488
0.11448
0.11292
0.11054
0.10838
0.10685
0.10571
0.10451
0.10316
0.10128
0.099406
0.097933
0.096818
0.096299
0.096599
0.097824
0.099983
0.10287
0.10605
0.10905
0.1121
0.11686
0.1249
0.13323
0.13756
0.14233
0.15259
0.1585
0.16104
0.17114
0.17382
0.17632
0.18416
0.18056
0.18721
0.18367
0.18427
0.18325
0.17745
0.1784
0.1679
0.16948
0.15652
0.15741
0.14451
0.14318
0.13334
0.12794
0.12388
0.11384
0.11545
0.10435
0.10603
0.10176
0.096936
0.10136
0.095832
0.096737
0.10086
0.097482
0.099682
0.10466
0.10371
0.10487
0.1101
0.11165
0.11112
0.11384
0.11696
0.11693
0.11613
0.11729
0.11822
0.11726
0.11549
0.11465
0.11412
0.11287
0.11087
0.10887
0.10737
0.10589
0.10426
0.10242
0.10012
0.097868
0.096026
0.094521
0.093525
0.093261
0.093736
0.094984
0.097089
0.099979
0.1034
0.10685
0.11017
0.11456
0.12178
0.12935
0.13304
0.1374
0.14678
0.151
0.1534
0.16268
0.16291
0.16651
0.17156
0.16769
0.17423
0.16767
0.17078
0.16518
0.16281
0.1594
0.15174
0.15055
0.1388
0.13931
0.12554
0.12648
0.11377
0.11279
0.1051
0.099514
0.099525
0.08999
0.094131
0.088466
0.08761
0.092005
0.08723
0.091175
0.095301
0.092875
0.097413
0.10276
0.10199
0.10468
0.1107
0.11194
0.11166
0.11528
0.11845
0.11783
0.11698
0.11863
0.11952
0.11799
0.11574
0.11495
0.11461
0.11328
0.11099
0.10874
0.10711
0.10591
0.10478
0.10345
0.10166
0.099724
0.098186
0.096981
0.096342
0.096478
0.097537
0.099535
0.10232
0.10549
0.10854
0.1115
0.11576
0.12324
0.13195
0.13702
0.141
0.15063
0.1581
0.16001
0.16926
0.17416
0.17482
0.18373
0.18092
0.18572
0.18531
0.18283
0.18515
0.17688
0.1799
0.16848
0.17031
0.1583
0.15748
0.14722
0.1426
0.13642
0.12728
0.12631
0.11408
0.11618
0.10602
0.10513
0.10363
0.096496
0.10119
0.097032
0.095662
0.1008
0.098096
0.098624
0.10417
0.10407
0.10416
0.10924
0.11174
0.11104
0.11312
0.11661
0.11712
0.11616
0.117
0.11818
0.11754
0.11582
0.11473
0.11426
0.11318
0.11125
0.10922
0.10763
0.10615
0.10461
0.10276
0.10058
0.098258
0.096342
0.094771
0.093661
0.093266
0.093606
0.094705
0.096645
0.099412
0.10276
0.10623
0.10956
0.11358
0.12027
0.1282
0.1326
0.13614
0.14509
0.15086
0.15228
0.16124
0.16346
0.16483
0.17194
0.16753
0.17355
0.1691
0.16949
0.16748
0.16171
0.16183
0.15134
0.15255
0.13941
0.1405
0.12724
0.12662
0.11637
0.11205
0.10785
0.098853
0.10097
0.090698
0.093482
0.090156
0.086527
0.092112
0.08792
0.089778
0.095312
0.093095
0.096075
0.10232
0.1022
0.10368
0.10982
0.11209
0.11144
0.11443
0.11816
0.11811
0.11695
0.11824
0.11955
0.11837
0.11611
0.11503
0.11471
0.1136
0.11142
0.10912
0.10735
0.10611
0.10503
0.10369
0.10205
0.10007
0.098458
0.097185
0.096431
0.0964
0.097293
0.099123
0.10178
0.10492
0.10802
0.11094
0.11479
0.12166
0.13055
0.1364
0.13994
0.14862
0.15744
0.15938
0.16723
0.17427
0.17382
0.18265
0.18173
0.18402
0.18678
0.18181
0.18636
0.17713
0.18047
0.17003
0.17022
0.16082
0.1569
0.15028
0.14191
0.13924
0.12714
0.12803
0.11516
0.11618
0.10823
0.10416
0.10519
0.096694
0.10055
0.098359
0.094911
0.10037
0.098853
0.097819
0.10346
0.10444
0.10368
0.10829
0.1117
0.11109
0.11247
0.11616
0.11724
0.11624
0.1167
0.11807
0.11778
0.11614
0.11483
0.11437
0.11347
0.11163
0.10957
0.10787
0.1064
0.10493
0.10306
0.10099
0.098633
0.09666
0.095025
0.093804
0.093287
0.093493
0.094442
0.096225
0.098854
0.10214
0.10563
0.10897
0.11269
0.11883
0.12692
0.13211
0.13513
0.14328
0.15053
0.15157
0.15948
0.16394
0.16355
0.17165
0.16804
0.17221
0.17087
0.16812
0.16955
0.16107
0.16356
0.15178
0.1536
0.14101
0.14072
0.12976
0.12607
0.11936
0.11125
0.11026
0.098821
0.10164
0.092136
0.092407
0.091821
0.085889
0.09169
0.088909
0.088523
0.094957
0.093588
0.094854
0.1016
0.10249
0.10289
0.10877
0.11214
0.11138
0.11363
0.11773
0.11836
0.11701
0.11784
0.11948
0.11873
0.11653
0.11509
0.11479
0.11391
0.11184
0.10948
0.10761
0.10629
0.10524
0.10393
0.10239
0.10042
0.098726
0.097399
0.096529
0.09634
0.097061
0.098718
0.10125
0.10434
0.10747
0.11039
0.11392
0.12014
0.12903
0.13568
0.13909
0.14667
0.15645
0.15902
0.16521
0.174
0.17335
0.18108
0.18273
0.18244
0.18782
0.18146
0.18672
0.17825
0.18014
0.17229
0.16951
0.16372
0.15615
0.1532
0.14159
0.14148
0.12782
0.12888
0.11708
0.1156
0.11066
0.10342
0.10622
0.097532
0.099554
0.099626
0.094564
0.099595
0.099639
0.097294
0.10254
0.10475
0.10342
0.10728
0.11149
0.11122
0.11192
0.11559
0.1173
0.11641
0.11647
0.11789
0.11799
0.11648
0.11495
0.11446
0.11374
0.11204
0.10992
0.10814
0.10664
0.10521
0.1034
0.10141
0.099018
0.096986
0.09528
0.093969
0.09332
0.0934
0.094201
0.095828
0.098323
0.1015
0.10501
0.10837
0.11191
0.11746
0.12552
0.13152
0.13436
0.14145
0.14988
0.15121
0.15757
0.16417
0.16277
0.17067
0.16903
0.1706
0.17255
0.16709
0.17098
0.16123
0.16434
0.1532
0.15366
0.14344
0.14019
0.13281
0.12528
0.12224
0.11087
0.11203
0.099661
0.10155
0.094159
0.09122
0.093177
0.085857
0.090788
0.090022
0.087571
0.094221
0.094191
0.093872
0.10061
0.10277
0.10233
0.1076
0.112
0.11147
0.11289
0.11714
0.11852
0.11716
0.11746
0.1193
0.11903
0.11694
0.11517
0.11482
0.11418
0.11227
0.1099
0.10788
0.10648
0.10543
0.10414
0.10271
0.10075
0.098986
0.097594
0.096626
0.09629
0.096842
0.098332
0.10072
0.10373
0.10689
0.10984
0.11313
0.11873
0.12741
0.13482
0.13841
0.14479
0.15512
0.15882
0.16332
0.17324
0.17334
0.17918
0.18362
0.18122
0.18819
0.18185
0.18622
0.18004
0.17919
0.17489
0.16859
0.16651
0.15569
0.15557
0.14204
0.14283
0.12943
0.12891
0.11966
0.11473
0.11297
0.10321
0.1066
0.098963
0.098404
0.10063
0.094699
0.098532
0.10031
0.097097
0.10143
0.1049
0.10339
0.10625
0.11108
0.11141
0.11149
0.11493
0.11728
0.11662
0.11629
0.11769
0.11816
0.11682
0.11512
0.11454
0.11392
0.11242
0.11028
0.10842
0.10694
0.10548
0.10372
0.10182
0.099433
0.097322
0.095568
0.094167
0.093381
0.093325
0.093995
0.095472
0.097813
0.10089
0.10437
0.10777
0.11118
0.11621
0.12403
0.13075
0.13375
0.13969
0.14885
0.15107
0.15572
0.16394
0.1625
0.16919
0.17017
0.1691
0.17374
0.16674
0.17153
0.1623
0.16419
0.15542
0.15303
0.14636
0.1394
0.13583
0.12482
0.12459
0.11132
0.11293
0.10138
0.10089
0.096415
0.090305
0.094017
0.086505
0.089576
0.091029
0.087063
0.093152
0.094755
0.093194
0.099399
0.10292
0.10202
0.10639
0.11163
0.11163
0.11229
0.11643
0.11859
0.1174
0.1172
0.11906
0.11928
0.11737
0.11533
0.11486
0.1144
0.11272
0.11031
0.10821
0.10673
0.10561
0.10439
0.10302
0.10111
0.099261
0.097818
0.096754
0.09629
0.096676
0.09799
0.10022
0.10316
0.10634
0.10931
0.11243
0.11745
0.12574
0.13379
0.13783
0.14309
0.15349
0.15863
0.1617
0.17194
0.17363
0.17721
0.18411
0.18062
0.18773
0.18294
0.18501
0.18218
0.17798
0.17735
0.16796
0.16871
0.156
0.15705
0.14346
0.14327
0.13191
0.12835
0.12251
0.11402
0.11481
0.10376
0.10636
0.10079
0.097327
0.10125
0.095348
0.097337
0.10075
0.097265
0.10025
0.10481
0.10356
0.10529
0.11047
0.11158
0.1112
0.11422
0.11709
0.11684
0.11615
0.11743
0.11823
0.11712
0.11533
0.11461
0.11406
0.11273
0.11068
0.1087
0.10724
0.10576
0.10408
0.10223
0.09989
0.097686
0.095871
0.094396
0.093478
0.09328
0.093815
0.095141
0.097326
0.10028
0.10373
0.10716
0.1105
0.11508
0.12252
0.12985
0.13326
0.13811
0.14753
0.15102
0.15409
0.16322
0.16269
0.16741
0.17119
0.168
0.17426
0.16717
0.1712
0.16411
0.16335
0.15808
0.15213
0.14927
0.13885
0.13837
0.12507
0.12609
0.11273
0.113
0.10378
0.099954
0.098593
0.089922
0.094254
0.087717
0.088243
0.091777
0.087057
0.091865
0.09518
0.092897
0.098085
0.10287
0.10195
0.10522
0.11106
0.11184
0.11183
0.11567
0.11853
0.11769
0.11703
0.11879
0.11946
0.11779
0.11558
0.11492
0.11455
0.11311
0.11077
0.10856
0.10698
0.10581
0.10465
0.10331
0.10147
0.099563
0.098064
0.0969
0.096323
0.096537
0.09768
0.099762
0.1026
0.10578
0.1088
0.1118
0.11629
0.12406
0.13261
0.1373
0.14163
0.15162
0.15833
0.16047
0.17023
0.17401
0.1755
0.18404
0.18067
0.18651
0.18449
0.18351
0.18428
0.17707
0.17926
0.16806
0.17002
0.1573
0.15755
0.14579
0.14294
0.1349
0.12757
0.12519
0.11384
0.11592
0.10509
0.1056
0.10274
0.096628
0.10135
0.096418
0.096184
0.10087
0.097764
0.099129
0.10445
0.10389
0.10448
0.10969
0.11171
0.11107
0.11347
0.1168
0.11703
0.11613
0.11714
0.11821
0.11741
0.11565
0.11468
0.11418
0.11302
0.11106
0.10904
0.1075
0.10602
0.10444
0.10259
0.10036
0.098064
0.096187
0.094646
0.093586
0.093262
0.093663
0.094842
0.096862
0.099689
0.10308
0.10654
0.10986
0.11406
0.12102
0.1288
0.13282
0.13674
0.14596
0.15095
0.15279
0.16201
0.16318
0.16563
0.17182
0.16753
0.17398
0.16831
0.17017
0.16632
0.16223
0.16067
0.15147
0.15166
0.13898
0.14003
0.12627
0.12665
0.11499
0.11245
0.10648
0.099126
0.10033
0.090239
0.093875
0.089285
0.087028
0.092123
0.08752
0.090469
0.095354
0.092949
0.096737
0.10258
0.10208
0.10416
0.11028
0.11203
0.11154
0.11486
0.11833
0.11797
0.11694
0.11844
0.11955
0.11818
0.11592
0.11499
0.11466
0.11342
0.11121
0.10892
0.10723
0.10601
0.1049
0.10357
0.10185
0.099886
0.098312
0.097073
0.096377
0.096424
0.097403
0.099315
0.10204
0.1052
0.10828
0.11121
0.11526
0.12243
0.13126
0.13672
0.14044
0.14962
0.1578
0.15965
0.16825
0.17426
0.17426
0.18326
0.18129
0.18487
0.18609
0.18225
0.18585
0.1769
0.1803
0.16915
0.17036
0.15949
0.15724
0.14874
0.14224
0.13788
0.12713
0.12727
0.11448
0.11627
0.10709
0.10462
0.10447
0.096501
0.10091
0.097696
0.095229
0.10064
0.098472
0.098186
0.10385
0.10426
0.10389
0.10877
0.11173
0.11106
0.11277
0.11639
0.11718
0.1162
0.11685
0.11813
0.11766
0.11599
0.11477
0.11431
0.11333
0.11144
0.1094
0.10773
0.10627
0.10477
0.10291
0.10077
0.098435
0.096501
0.094889
0.093729
0.093276
0.093547
0.094569
0.096426
0.099128
0.10244
0.10593
0.10925
0.11312
0.11954
0.12757
0.13236
0.1356
0.1442
0.15072
0.15187
0.16038
0.16372
0.16413
0.17189
0.16771
0.17295
0.16997
0.16878
0.16857
0.16131
0.16281
0.15143
0.1532
0.14009
0.14072
0.12841
0.1264
0.11785
0.11162
0.10912
0.09874
0.1014
0.091338
0.092979
0.091008
0.086133
0.091967
0.088391
0.089126
0.095185
0.093318
0.095446
0.10199
0.10234
0.10325
0.10932
0.11213
0.1114
0.11402
0.11797
0.11824
0.11697
0.11804
0.11953
0.11855
0.11632
0.11506
0.11475
0.11376
0.11162
0.10931
0.10748
0.1062
0.10514
0.10381
0.10223
0.10025
0.098594
0.097294
0.096481
0.096371
0.097176
0.098918
0.10151
0.10463
0.10774
0.11066
0.11434
0.12088
0.1298
0.13606
0.13949
0.14763
0.15699
0.15917
0.1662
0.17419
0.17352
0.18192
0.18223
0.18319
0.18738
0.18154
0.18666
0.1776
0.18041
0.1711
0.16992
0.16226
0.15651
0.15179
0.14168
0.14045
0.12734
0.12856
0.11604
0.11595
0.10945
0.10373
0.10578
0.097044
0.10009
0.099012
0.094681
0.10003
0.099262
0.097517
0.10302
0.10461
0.10352
0.10779
0.11162
0.11116
0.11218
0.11588
0.11728
0.11633
0.11657
0.11797
0.11789
0.11632
0.11488
0.11442
0.1136
0.11183
0.10975
0.10801
0.10652
0.10507
0.10323
0.1012
0.098817
0.096813
0.095148
0.093883
0.093288
0.093437
0.094306
0.096008
0.098568
0.10181
0.10531
0.10866
0.11228
0.1181
0.12621
0.13183
0.1347
0.14235
0.15024
0.15135
0.15852
0.1641
0.16309
0.17123
0.16851
0.1714
0.17178
0.16754
0.17039
0.16105
0.16409
0.15239
0.15376
0.14216
0.14051
0.13128
0.12565
0.12087
0.11096
0.11126
0.099127
0.10168
0.093107
0.091783
0.092561
0.085786
0.09128
0.089475
0.087988
0.094626
0.093893
0.094315
0.10112
0.10264
0.10257
0.10819
0.1121
0.11142
0.11324
0.11745
0.11845
0.11709
0.11764
0.1194
0.11889
0.11675
0.11513
0.11481
0.11405
0.11206
0.1097
0.10775
0.10639
0.10534
0.10404
0.10256
0.10058
0.098855
0.097495
0.096572
0.096305
0.09694
0.098508
0.10097
0.10402
0.10717
0.1101
0.11349
0.1194
0.1282
0.13525
0.13871
0.14568
0.15581
0.15889
0.1642
0.17367
0.17329
0.18013
0.18321
0.18175
0.1881
0.18157
0.18657
0.1791
0.17972
0.17361
0.16903
0.16519
0.15585
0.15452
0.14172
0.1423
0.12852
0.12898
0.11834
0.11516
0.11187
0.10323
0.1065
0.0982
0.098983
0.10017
0.094561
0.099082
0.099995
0.097133
0.10197
0.10484
0.10337
0.10674
0.11131
0.1113
0.11169
0.11526
0.1173
0.11651
0.11637
0.1178
0.11809
0.11665
0.11503
0.11452
0.11385
0.11225
0.1101
0.10828
0.1068
0.10535
0.10355
0.10162
0.099225
0.097153
0.095427
0.094066
0.09335
0.093362
0.094094
0.095642
0.098059
0.10119
0.10469
0.10807
0.11153
0.11681
0.12476
0.13115
0.13403
0.14052
0.14939
0.15112
0.1566
0.16412
0.16256
0.16995
0.16961
0.16979
0.17324
0.16681
0.17138
0.16168
0.16437
0.15426
0.15339
0.14492
0.13978
0.13441
0.12497
0.12354
0.11098
0.1126
0.10044
0.10127
0.095309
0.090693
0.093681
0.086111
0.090186
0.090568
0.087254
0.09371
0.094496
0.093485
0.10001
0.10287
0.10214
0.10698
0.11184
0.11154
0.11256
0.11678
0.11858
0.11728
0.11731
0.11917
0.11917
0.11716
0.11524
0.11484
0.11431
0.11251
0.1101
0.10804
0.10661
0.10552
0.10427
0.10288
0.10093
0.099127
0.097707
0.09669
0.096287
0.096754
0.098152
0.10046
0.10344
0.10661
0.10957
0.11276
0.11806
0.12655
0.13431
0.13811
0.1439
0.15432
0.15873
0.16245
0.17264
0.17347
0.17816
0.18393
0.18084
0.18806
0.18234
0.18566
0.18112
0.17857
0.1762
0.1682
0.16774
0.15573
0.15645
0.14264
0.14316
0.13063
0.12867
0.12113
0.11432
0.11399
0.10339
0.10655
0.099864
0.097817
0.10102
0.094976
0.097928
0.10057
0.097143
0.10083
0.10488
0.10346
0.10574
0.11079
0.1115
0.11133
0.11456
0.1172
0.11673
0.11621
0.11756
0.1182
0.11698
0.11522
0.11457
0.11399
0.11259
0.11048
0.10856
0.1071
0.10561
0.1039
0.10204
0.099656
0.097499
0.095712
0.094276
0.093427
0.093293
0.093896
0.095296
0.097553
0.10057
0.10403
0.10745
0.11082
0.11562
0.12325
0.13031
0.13349
0.13884
0.1482
0.15104
0.15484
0.16363
0.16255
0.16829
0.17073
0.16846
0.1741
0.16687
0.17146
0.16317
0.16381
0.15678
0.15256
0.14791
0.13905
0.13723
0.12483
0.12548
0.11192
0.11305
0.10255
0.10041
0.097575
0.090013
0.094214
0.087066
0.088877
0.091463
0.086999
0.092498
0.095005
0.092995
0.098722
0.10293
0.10196
0.10578
0.11136
0.11174
0.11203
0.11604
0.11858
0.11755
0.1171
0.11892
0.11938
0.11758
0.11545
0.11489
0.11449
0.11293
0.11055
0.10838
0.10686
0.10571
0.10452
0.10317
0.10129
0.099406
0.097937
0.096821
0.096299
0.096594
0.097818
0.099976
0.10286
0.10604
0.10904
0.11209
0.11683
0.12486
0.1332
0.13755
0.1423
0.15254
0.1585
0.16101
0.1711
0.17383
0.17628
0.18416
0.18056
0.18718
0.18371
0.18424
0.18331
0.17745
0.17845
0.16791
0.16951
0.15655
0.15743
0.14457
0.14318
0.13344
0.12793
0.12396
0.11384
0.11549
0.10437
0.10602
0.10181
0.096913
0.10137
0.095859
0.096724
0.10086
0.09749
0.099662
0.10465
0.10372
0.10486
0.11008
0.11165
0.11112
0.11382
0.11696
0.11694
0.11613
0.11728
0.11822
0.11728
0.1155
0.11465
0.11413
0.11289
0.11088
0.10888
0.10739
0.10589
0.10428
0.10242
0.10014
0.097885
0.096036
0.09453
0.093532
0.093263
0.093735
0.09498
0.097079
0.099971
0.10339
0.10684
0.11016
0.11453
0.12174
0.12932
0.13303
0.13737
0.14674
0.151
0.15336
0.16264
0.16292
0.16647
0.17158
0.16767
0.17421
0.16769
0.17075
0.16523
0.16278
0.15946
0.15173
0.1506
0.13881
0.13935
0.12558
0.12649
0.11382
0.11278
0.10516
0.099496
0.099567
0.089994
0.094128
0.088498
0.087583
0.092007
0.087238
0.091146
0.095305
0.092878
0.097385
0.10275
0.10199
0.10465
0.11068
0.11194
0.11165
0.11526
0.11845
0.11784
0.11698
0.11862
0.11952
0.118
0.11575
0.11496
0.11462
0.11328
0.11099
0.10875
0.10712
0.10592
0.10479
0.10345
0.10166
0.099727
0.098187
0.09698
0.09634
0.096469
0.097525
0.099518
0.1023
0.10548
0.10853
0.11149
0.11573
0.12319
0.13192
0.13701
0.14098
0.15057
0.1581
0.16
0.16921
0.17418
0.17478
0.18372
0.18095
0.18568
0.18535
0.1828
0.18519
0.17688
0.17993
0.16851
0.17032
0.15836
0.15747
0.14729
0.14258
0.13648
0.12727
0.12637
0.11406
0.11619
0.10607
0.1051
0.10369
0.096488
0.10117
0.097063
0.095631
0.10079
0.098127
0.098617
0.10416
0.10409
0.10414
0.10922
0.11173
0.11103
0.1131
0.1166
0.11712
0.11617
0.117
0.11818
0.11755
0.11582
0.11473
0.11426
0.11319
0.11125
0.10923
0.10762
0.10614
0.10461
0.10276
0.10058
0.098267
0.096349
0.094775
0.093659
0.093263
0.0936
0.094693
0.096633
0.09939
0.10274
0.10622
0.10954
0.11355
0.12024
0.12817
0.13259
0.1361
0.14505
0.15086
0.15226
0.1612
0.16347
0.16479
0.17195
0.16754
0.17352
0.16915
0.16946
0.16753
0.16169
0.16188
0.15135
0.15259
0.13943
0.14051
0.12729
0.1266
0.11644
0.11202
0.10791
0.09884
0.10099
0.090722
0.093459
0.090193
0.086497
0.092104
0.087932
0.089738
0.095313
0.093113
0.096038
0.1023
0.1022
0.10366
0.10979
0.1121
0.11144
0.11441
0.11816
0.11812
0.11695
0.11823
0.11956
0.11838
0.11612
0.11504
0.11472
0.11361
0.11143
0.10913
0.10736
0.10611
0.10504
0.10369
0.10206
0.10008
0.098464
0.097193
0.096434
0.096399
0.097286
0.099111
0.10177
0.1049
0.108
0.11092
0.11477
0.12161
0.13051
0.13638
0.13991
0.14857
0.15741
0.15936
0.16717
0.17427
0.1738
0.18261
0.18175
0.18398
0.18681
0.18179
0.18638
0.17715
0.18047
0.17008
0.17021
0.16089
0.15689
0.15035
0.14191
0.1393
0.12714
0.12806
0.1152
0.11617
0.1083
0.10413
0.10523
0.096704
0.10053
0.098397
0.094889
0.10035
0.098878
0.097805
0.10344
0.10445
0.10366
0.10826
0.11169
0.11109
0.11246
0.11614
0.11723
0.11624
0.1167
0.11806
0.11778
0.11615
0.11483
0.11437
0.11349
0.11165
0.10959
0.10788
0.10641
0.10493
0.10308
0.101
0.098633
0.096668
0.09502
0.093807
0.093285
0.093486
0.094435
0.096215
0.098839
0.10212
0.10561
0.10895
0.11267
0.11879
0.12688
0.1321
0.1351
0.14323
0.15051
0.15155
0.15943
0.16395
0.16352
0.17163
0.16806
0.17217
0.17092
0.16808
0.1696
0.16107
0.1636
0.1518
0.15362
0.14107
0.14071
0.12984
0.12604
0.11944
0.11123
0.11032
0.098834
0.10165
0.092184
0.09238
0.091859
0.085875
0.091673
0.088935
0.088493
0.094948
0.093597
0.094827
0.10157
0.1025
0.10287
0.10874
0.11213
0.11139
0.1136
0.11772
0.11836
0.11701
0.11784
0.11947
0.11874
0.11654
0.11509
0.11479
0.11391
0.11185
0.1095
0.10761
0.1063
0.10525
0.10394
0.1024
0.10043
0.098737
0.097403
0.09653
0.096337
0.097055
0.098705
0.10123
0.10432
0.10745
0.11037
0.11389
0.1201
0.12898
0.13566
0.13907
0.14661
0.15642
0.15902
0.16514
0.17399
0.17334
0.18104
0.18276
0.1824
0.18785
0.18146
0.18672
0.1783
0.18012
0.17236
0.16948
0.1638
0.15613
0.15328
0.1416
0.14152
0.12783
0.1289
0.11715
0.11558
0.11071
0.10341
0.10624
0.097563
0.099537
0.099654
0.094554
0.099561
0.099654
0.097274
0.10251
0.10475
0.10343
0.10726
0.11148
0.11123
0.11191
0.11558
0.1173
0.11641
0.11645
0.11789
0.118
0.11649
0.11495
0.11447
0.11375
0.11205
0.10993
0.10815
0.10665
0.10522
0.1034
0.10142
0.099037
0.096997
0.095293
0.093978
0.093322
0.093399
0.094193
0.095819
0.098307
0.10149
0.10499
0.10836
0.11189
0.11743
0.12547
0.1315
0.13434
0.14139
0.14985
0.1512
0.15752
0.16417
0.16275
0.17063
0.16906
0.17055
0.17259
0.16707
0.17101
0.16125
0.16435
0.15325
0.15366
0.14352
0.14016
0.1329
0.12526
0.12232
0.11087
0.11207
0.099697
0.10154
0.094213
0.091195
0.093209
0.085869
0.090758
0.090049
0.087562
0.0942
0.094216
0.093848
0.10058
0.10277
0.10232
0.10757
0.11199
0.11147
0.11288
0.11711
0.11853
0.11717
0.11744
0.11929
0.11904
0.11695
0.11517
0.11483
0.11419
0.11229
0.1099
0.10789
0.10648
0.10544
0.10415
0.10272
0.10076
0.098995
0.097601
0.096628
0.096293
0.096836
0.098322
0.1007
0.10372
0.10688
0.10983
0.11311
0.11869
0.12736
0.13479
0.13839
0.14474
0.15508
0.15882
0.16326
0.17321
0.17335
0.17912
0.18364
0.1812
0.18819
0.18188
0.1862
0.1801
0.17916
0.17497
0.16856
0.16658
0.15568
0.15563
0.14207
0.14286
0.12951
0.12888
0.11975
0.11471
0.11301
0.10322
0.1066
0.099013
0.098366
0.10065
0.094713
0.098496
0.10033
0.097094
0.10139
0.10489
0.10339
0.10621
0.11106
0.1114
0.11149
0.11491
0.11726
0.11663
0.11628
0.11768
0.11816
0.11682
0.11512
0.11454
0.11393
0.11242
0.1103
0.10841
0.10695
0.10548
0.10372
0.10183
0.099439
0.097325
0.095569
0.094164
0.093374
0.093313
0.09398
0.095456
0.097794
0.10087
0.10435
0.10775
0.11116
0.11618
0.12399
0.13074
0.13374
0.13965
0.14883
0.15108
0.15567
0.16394
0.16251
0.16914
0.17021
0.16906
0.17378
0.16674
0.17154
0.16235
0.16416
0.15551
0.153
0.14646
0.13936
0.13592
0.1248
0.12465
0.11134
0.11293
0.10144
0.10085
0.096484
0.090269
0.094039
0.086532
0.089522
0.091067
0.08706
0.093112
0.094786
0.09319
0.099364
0.10293
0.10202
0.10635
0.11162
0.11164
0.11227
0.11641
0.1186
0.11742
0.11719
0.11904
0.11929
0.11738
0.11534
0.11486
0.11441
0.11273
0.11033
0.10822
0.10674
0.10561
0.10439
0.10303
0.10112
0.099266
0.097823
0.096756
0.096284
0.096667
0.097975
0.10021
0.10314
0.10631
0.10929
0.1124
0.11741
0.12569
0.13376
0.13782
0.14305
0.15344
0.15862
0.16166
0.17191
0.17364
0.17717
0.18412
0.18061
0.18771
0.18298
0.18498
0.18224
0.17796
0.17742
0.16796
0.16876
0.15603
0.15707
0.1435
0.14328
0.13199
0.1283
0.12258
0.11401
0.11485
0.10379
0.10635
0.10084
0.097296
0.10125
0.095366
0.097297
0.10076
0.097283
0.10023
0.1048
0.10357
0.10526
0.11045
0.11158
0.1112
0.11419
0.1171
0.11684
0.11615
0.11743
0.11822
0.11714
0.11535
0.11461
0.11407
0.11274
0.11068
0.10872
0.10725
0.10576
0.10409
0.10224
0.0999
0.097689
0.095874
0.094404
0.093478
0.093277
0.093804
0.095133
0.097308
0.10026
0.1037
0.10714
0.11048
0.11505
0.12248
0.12982
0.13324
0.13806
0.14749
0.15102
0.15405
0.16319
0.1627
0.16736
0.17121
0.16798
0.17426
0.16719
0.17119
0.16417
0.16333
0.15815
0.15212
0.14935
0.13885
0.13842
0.1251
0.12613
0.11279
0.113
0.10384
0.099944
0.098645
0.089922
0.094251
0.087747
0.088211
0.091796
0.087067
0.091826
0.095187
0.092891
0.098051
0.10286
0.10195
0.10519
0.11105
0.11185
0.11182
0.11565
0.11853
0.1177
0.11702
0.11879
0.11947
0.11781
0.11559
0.11493
0.11456
0.11312
0.11079
0.10857
0.10699
0.10583
0.10466
0.10332
0.10148
0.099574
0.098071
0.096902
0.096324
0.096532
0.09767
0.099742
0.10258
0.10576
0.10879
0.11178
0.11626
0.124
0.13257
0.13728
0.14159
0.15155
0.15832
0.16043
0.17016
0.17402
0.17545
0.18402
0.18068
0.18646
0.18454
0.18347
0.18434
0.17706
0.17932
0.16809
0.17005
0.15736
0.15756
0.1459
0.14292
0.135
0.12757
0.12526
0.11387
0.11595
0.10516
0.10559
0.10281
0.096621
0.10135
0.096454
0.096146
0.10088
0.09779
0.099108
0.10444
0.10389
0.10446
0.10966
0.11171
0.11105
0.11346
0.11679
0.11703
0.11614
0.11714
0.11821
0.11743
0.11567
0.11469
0.1142
0.11304
0.11108
0.10906
0.10751
0.10603
0.10446
0.10261
0.10038
0.098086
0.096207
0.094663
0.093605
0.093268
0.093671
0.094837
0.096852
0.099676
0.10307
0.10652
0.10984
0.11402
0.12096
0.12875
0.13281
0.13669
0.14589
0.15095
0.15275
0.16195
0.1632
0.16557
0.17183
0.16752
0.17396
0.16837
0.17012
0.16641
0.16219
0.16077
0.15145
0.15173
0.139
0.14007
0.12634
0.12666
0.1151
0.11242
0.10659
0.099099
0.10038
0.090277
0.093856
0.089357
0.086985
0.092121
0.087544
0.090413
0.095349
0.092957
0.096686
0.10256
0.10209
0.10412
0.11025
0.11203
0.11152
0.11483
0.11832
0.11798
0.11694
0.11842
0.11956
0.11819
0.11593
0.115
0.11467
0.11344
0.11123
0.10894
0.10725
0.10602
0.10492
0.10358
0.10187
0.099905
0.098329
0.097087
0.096387
0.096426
0.097401
0.099306
0.10203
0.10519
0.10826
0.11119
0.11523
0.12238
0.13122
0.1367
0.1404
0.14954
0.15779
0.15963
0.16817
0.17427
0.17422
0.18322
0.18132
0.18481
0.18615
0.18221
0.1859
0.1769
0.18032
0.16921
0.17036
0.15958
0.15722
0.14885
0.14221
0.13799
0.12712
0.12733
0.11455
0.11626
0.10717
0.1046
0.10453
0.096499
0.1009
0.097736
0.095213
0.10061
0.098502
0.098158
0.10382
0.10427
0.10387
0.10874
0.11173
0.11105
0.11276
0.11637
0.11719
0.1162
0.11684
0.11813
0.11767
0.11599
0.11478
0.11431
0.11334
0.11145
0.10941
0.10776
0.10627
0.10477
0.10292
0.10079
0.098452
0.096503
0.094899
0.093736
0.093274
0.093543
0.094559
0.096415
0.099109
0.10243
0.10591
0.10924
0.11309
0.1195
0.12753
0.13235
0.13557
0.14413
0.15072
0.15185
0.16032
0.16374
0.16409
0.17189
0.16773
0.1729
0.17004
0.16874
0.16864
0.16129
0.16287
0.15145
0.15324
0.14015
0.14073
0.1285
0.12639
0.11795
0.11159
0.1092
0.098741
0.10142
0.091383
0.092947
0.091061
0.086115
0.09195
0.088414
0.08908
0.095175
0.093333
0.095405
0.10197
0.10235
0.10323
0.10928
0.11214
0.1114
0.114
0.11796
0.11825
0.11697
0.11803
0.11953
0.11857
0.11634
0.11507
0.11476
0.11378
0.11164
0.10932
0.10748
0.10621
0.10515
0.10382
0.10224
0.10026
0.098609
0.097305
0.096483
0.09637
0.097173
0.098906
0.1015
0.10461
0.10772
0.11064
0.11431
0.12084
0.12976
0.13603
0.13946
0.14757
0.15696
0.15916
0.16614
0.17418
0.1735
0.18187
0.18225
0.18315
0.1874
0.18154
0.18667
0.17763
0.1804
0.17116
0.1699
0.16234
0.15649
0.15187
0.14167
0.14052
0.12737
0.12858
0.11609
0.11594
0.10952
0.10374
0.10581
0.097061
0.10006
0.099055
0.094669
0.099996
0.09927
0.09749
0.10301
0.10462
0.10352
0.10776
0.11161
0.11115
0.11216
0.11586
0.11728
0.11632
0.11656
0.11798
0.11789
0.11632
0.11488
0.11442
0.11362
0.11185
0.10977
0.10801
0.10654
0.10509
0.10325
0.10121
0.098837
0.096829
0.095162
0.093883
0.093304
0.093437
0.094311
0.096006
0.098565
0.10179
0.1053
0.10865
0.11226
0.11808
0.12618
0.13181
0.13469
0.1423
0.15022
0.15134
0.15847
0.16411
0.16307
0.1712
0.16853
0.17136
0.17181
0.16751
0.17041
0.16105
0.1641
0.15241
0.15375
0.14222
0.1405
0.13135
0.12563
0.12094
0.11095
0.1113
0.099154
0.10168
0.093164
0.091761
0.092599
0.085789
0.091264
0.089507
0.087969
0.094611
0.093915
0.0943
0.1011
0.10265
0.10256
0.10816
0.11209
0.11142
0.11322
0.11743
0.11845
0.11708
0.11763
0.11939
0.11889
0.11675
0.11513
0.11481
0.11405
0.11206
0.1097
0.10775
0.10639
0.10535
0.10405
0.10256
0.10059
0.09886
0.097491
0.09657
0.0963
0.096928
0.098499
0.10095
0.104
0.10715
0.11009
0.11348
0.11936
0.12816
0.13524
0.13871
0.14564
0.15578
0.15891
0.16416
0.17366
0.1733
0.18009
0.18325
0.18172
0.18812
0.18159
0.18656
0.17916
0.1797
0.17368
0.169
0.16527
0.15584
0.15458
0.14171
0.14232
0.12858
0.12898
0.11842
0.11513
0.11194
0.10322
0.10651
0.09824
0.09892
0.1002
0.094566
0.099049
0.10003
0.09713
0.10195
0.10485
0.10338
0.10671
0.1113
0.11132
0.11168
0.11526
0.11731
0.11653
0.11636
0.11779
0.1181
0.11667
0.11504
0.11451
0.11385
0.11226
0.11011
0.10829
0.1068
0.10536
0.10356
0.10163
0.099228
0.097154
0.095434
0.094068
0.093345
0.093352
0.094084
0.095625
0.098042
0.10117
0.10466
0.10804
0.1115
0.11677
0.12472
0.13112
0.13401
0.14048
0.14937
0.15111
0.15655
0.16411
0.16256
0.16992
0.16963
0.16975
0.17326
0.1668
0.17139
0.16171
0.16436
0.15432
0.15338
0.14499
0.13976
0.13448
0.12497
0.1236
0.11099
0.11263
0.10049
0.10125
0.095359
0.090676
0.093702
0.08613
0.090158
0.090595
0.087242
0.093679
0.094509
0.093463
0.099971
0.10286
0.10213
0.10695
0.11182
0.11155
0.11256
0.11676
0.11858
0.11729
0.11731
0.11917
0.11918
0.11717
0.11525
0.11485
0.11432
0.11252
0.11012
0.10805
0.10661
0.10552
0.10427
0.10288
0.10094
0.099126
0.097713
0.09669
0.096282
0.096745
0.09814
0.10045
0.10342
0.10659
0.10955
0.11274
0.11803
0.1265
0.13428
0.13809
0.14385
0.15427
0.15872
0.16241
0.1726
0.17347
0.1781
0.18395
0.18082
0.18805
0.18237
0.18564
0.18118
0.17854
0.17627
0.16818
0.16779
0.15574
0.1565
0.14268
0.14317
0.13069
0.12865
0.12119
0.1143
0.11403
0.10342
0.10655
0.099918
0.097782
0.10102
0.094982
0.097906
0.10059
0.097138
0.10079
0.10488
0.10346
0.10572
0.11078
0.1115
0.11132
0.11455
0.11719
0.11674
0.11621
0.11756
0.11821
0.11699
0.11523
0.11458
0.114
0.11261
0.1105
0.10857
0.10711
0.10563
0.10391
0.10205
0.09967
0.097517
0.095726
0.094287
0.093434
0.093295
0.093894
0.095291
0.097546
0.10056
0.10402
0.10744
0.11081
0.11559
0.12321
0.13028
0.13347
0.13881
0.14816
0.15104
0.15479
0.16361
0.16255
0.16824
0.17075
0.16844
0.17412
0.16688
0.17145
0.16321
0.16379
0.15684
0.15254
0.14799
0.13905
0.1373
0.12485
0.12553
0.11197
0.11306
0.10261
0.1004
0.097626
0.09001
0.094217
0.0871
0.088848
0.091478
0.086997
0.092473
0.095004
0.092984
0.09869
0.10292
0.10195
0.10575
0.11134
0.11174
0.11202
0.11602
0.11857
0.11755
0.11709
0.11892
0.11939
0.11759
0.11546
0.11489
0.11449
0.11295
0.11056
0.1084
0.10687
0.10572
0.10454
0.10318
0.10131
0.099424
0.09795
0.096828
0.096302
0.096595
0.097817
0.099967
0.10285
0.10603
0.10904
0.11208
0.1168
0.12482
0.13317
0.13754
0.14226
0.15249
0.15849
0.16097
0.17105
0.17385
0.17623
0.18416
0.18056
0.18715
0.18375
0.18419
0.18336
0.17741
0.1785
0.1679
0.16954
0.15658
0.15744
0.14464
0.14315
0.1335
0.12791
0.12402
0.11384
0.11553
0.10441
0.10601
0.10187
0.096894
0.10137
0.095887
0.096684
0.10086
0.097502
0.099627
0.10464
0.10373
0.10482
0.11007
0.11166
0.11111
0.1138
0.11694
0.11694
0.11613
0.11728
0.11822
0.11729
0.1155
0.11466
0.11413
0.11289
0.11088
0.10888
0.10739
0.10591
0.10429
0.10244
0.10015
0.097898
0.09605
0.094541
0.093538
0.093272
0.093734
0.094982
0.097073
0.099958
0.10338
0.10682
0.11015
0.11451
0.12171
0.1293
0.13302
0.13733
0.1467
0.151
0.15334
0.16262
0.16294
0.16643
0.1716
0.16767
0.17421
0.16773
0.17072
0.16529
0.16275
0.15953
0.15172
0.15066
0.1388
0.13939
0.12561
0.12651
0.11388
0.11276
0.10523
0.099469
0.099608
0.090004
0.094119
0.088537
0.087557
0.092023
0.087257
0.091109
0.095309
0.092878
0.09735
0.10275
0.102
0.10463
0.11066
0.11195
0.11165
0.11524
0.11844
0.11785
0.11698
0.11861
0.11952
0.11801
0.11575
0.11496
0.11462
0.11329
0.11101
0.10876
0.10713
0.10593
0.1048
0.10346
0.10168
0.099736
0.098199
0.096989
0.096345
0.096468
0.097523
0.09951
0.10229
0.10547
0.10852
0.11147
0.11571
0.12315
0.13189
0.137
0.14095
0.15052
0.15808
0.15998
0.16916
0.17418
0.17475
0.1837
0.18096
0.18564
0.1854
0.18276
0.18524
0.17687
0.17995
0.16854
0.17033
0.15841
0.15746
0.14737
0.14256
0.13656
0.12726
0.12642
0.11408
0.1162
0.10612
0.10507
0.10373
0.096483
0.10116
0.097097
0.095619
0.10078
0.098138
0.098583
0.10415
0.10409
0.10413
0.10921
0.11174
0.11104
0.11308
0.11659
0.11712
0.11617
0.11698
0.11818
0.11755
0.11583
0.11473
0.11426
0.11319
0.11126
0.10924
0.10762
0.10616
0.10462
0.10277
0.10059
0.098271
0.096364
0.094785
0.093668
0.093265
0.093599
0.094691
0.096624
0.099382
0.10273
0.10621
0.10953
0.11353
0.12021
0.12815
0.13258
0.13608
0.14502
0.15085
0.15224
0.16117
0.16349
0.16476
0.17195
0.16754
0.1735
0.16918
0.16943
0.16758
0.16167
0.16193
0.15135
0.15262
0.13946
0.14053
0.12733
0.1266
0.1165
0.11201
0.10797
0.098833
0.10101
0.090752
0.093443
0.090239
0.086483
0.092106
0.087946
0.089714
0.095308
0.093114
0.096016
0.1023
0.10221
0.10365
0.10977
0.1121
0.11144
0.1144
0.11815
0.11813
0.11695
0.11823
0.11956
0.11839
0.11613
0.11504
0.11472
0.11362
0.11144
0.10914
0.10737
0.10612
0.10504
0.1037
0.10206
0.10009
0.098472
0.097199
0.096437
0.0964
0.097282
0.099102
0.10176
0.10489
0.10799
0.11091
0.11475
0.12158
0.13048
0.13637
0.1399
0.14853
0.1574
0.15935
0.16713
0.17426
0.17379
0.18259
0.18177
0.18394
0.18684
0.18178
0.18639
0.17716
0.18047
0.17012
0.17019
0.16094
0.15686
0.15042
0.1419
0.13936
0.12713
0.12808
0.11522
0.11617
0.10834
0.10412
0.10526
0.096701
0.10052
0.098417
0.094881
0.10034
0.098888
0.097778
0.10343
0.10445
0.10366
0.10825
0.11168
0.1111
0.11243
0.11614
0.11724
0.11625
0.11669
0.11806
0.11779
0.11615
0.11483
0.11437
0.11348
0.11165
0.10959
0.10788
0.1064
0.10494
0.10307
0.101
0.098641
0.096672
0.095025
0.093808
0.093282
0.093489
0.094427
0.0962
0.098827
0.1021
0.1056
0.10894
0.11266
0.11876
0.12685
0.13209
0.13508
0.1432
0.15051
0.15155
0.1594
0.16396
0.16351
0.17162
0.16807
0.17214
0.17095
0.16806
0.16963
0.16106
0.16362
0.15181
0.15362
0.14109
0.1407
0.12989
0.12602
0.11949
0.11121
0.11036
0.098837
0.10165
0.092216
0.092357
0.091883
0.085863
0.091654
0.088962
0.088473
0.094937
0.093614
0.094809
0.10156
0.10251
0.10285
0.10872
0.11213
0.11139
0.11359
0.11771
0.11836
0.11702
0.11783
0.11947
0.11874
0.11655
0.11509
0.11479
0.11392
0.11185
0.10951
0.10762
0.10629
0.10525
0.10394
0.10241
0.10043
0.098739
0.097405
0.096531
0.096336
0.097052
0.098699
0.10122
0.10431
0.10744
0.11036
0.11388
0.12007
0.12896
0.13564
0.13906
0.14657
0.1564
0.15902
0.16512
0.17398
0.17333
0.181
0.18278
0.18237
0.18786
0.18146
0.18672
0.17832
0.18012
0.1724
0.16946
0.16385
0.15612
0.15332
0.14159
0.14155
0.12786
0.12889
0.1172
0.11554
0.11076
0.1034
0.10624
0.09759
0.0995
0.099665
0.094551
0.099548
0.099672
0.097272
0.10249
0.10476
0.10342
0.10723
0.11148
0.11124
0.1119
0.11556
0.1173
0.11641
0.11646
0.11788
0.118
0.11649
0.11495
0.11448
0.11374
0.11205
0.10993
0.10814
0.10666
0.10522
0.10341
0.10143
0.099034
0.096995
0.095298
0.09398
0.093319
0.093395
0.094188
0.09581
0.098298
0.10147
0.10498
0.10834
0.11187
0.1174
0.12545
0.13149
0.13433
0.14136
0.14984
0.1512
0.15749
0.16417
0.16274
0.17061
0.16908
0.17053
0.17262
0.16707
0.17103
0.16127
0.16436
0.15329
0.15365
0.14357
0.14016
0.13295
0.12525
0.12237
0.11087
0.11209
0.099718
0.10153
0.094249
0.091171
0.093225
0.085874
0.090736
0.09007
0.087539
0.094177
0.094215
0.093833
0.10055
0.10278
0.10231
0.10755
0.11198
0.11148
0.11287
0.1171
0.11853
0.11717
0.11744
0.11928
0.11905
0.11696
0.11518
0.11483
0.11419
0.1123
0.10991
0.1079
0.10649
0.10544
0.10415
0.10273
0.10077
0.099001
0.09761
0.096633
0.096297
0.096834
0.098315
0.1007
0.10371
0.10687
0.10981
0.11309
0.11867
0.12733
0.13477
0.13838
0.14471
0.15505
0.15881
0.16323
0.17319
0.17335
0.17908
0.18365
0.18118
0.18818
0.18189
0.18617
0.18013
0.17914
0.17502
0.16855
0.16663
0.15569
0.15567
0.14208
0.14287
0.12956
0.12889
0.11978
0.11471
0.11306
0.10324
0.10661
0.09904
0.098348
0.10067
0.094716
0.098484
0.10033
0.097086
0.10137
0.10488
0.10339
0.10619
0.11106
0.1114
0.11148
0.1149
0.11727
0.11663
0.11627
0.11768
0.11815
0.11683
0.11512
0.11455
0.11393
0.11244
0.1103
0.10841
0.10695
0.10549
0.10374
0.10185
0.099453
0.097333
0.095583
0.094177
0.093384
0.093318
0.093982
0.095453
0.097788
0.10086
0.10434
0.10774
0.11114
0.11616
0.12395
0.13072
0.13373
0.13961
0.1488
0.15107
0.15563
0.16392
0.16249
0.1691
0.17023
0.16903
0.17379
0.16674
0.17153
0.16237
0.16414
0.15555
0.15298
0.14651
0.13935
0.13597
0.1248
0.12468
0.11135
0.11294
0.10148
0.10083
0.09653
0.090262
0.094044
0.086552
0.089499
0.091082
0.087056
0.093088
0.09479
0.093176
0.099333
0.10293
0.10201
0.10633
0.11161
0.11164
0.11226
0.11639
0.11859
0.11742
0.11719
0.11904
0.11929
0.11738
0.11534
0.11486
0.11441
0.11275
0.11034
0.10823
0.10675
0.10562
0.10441
0.10303
0.10112
0.099275
0.097832
0.096761
0.09629
0.096666
0.097972
0.1002
0.10313
0.10631
0.10929
0.11239
0.1174
0.12566
0.13375
0.13781
0.14302
0.15341
0.15862
0.16164
0.17188
0.17365
0.17713
0.18412
0.18061
0.18769
0.18301
0.18495
0.18228
0.17793
0.17746
0.16795
0.16879
0.15604
0.15709
0.14355
0.14327
0.13204
0.12831
0.12263
0.11399
0.11487
0.10381
0.10633
0.10088
0.097293
0.10128
0.095398
0.097285
0.10077
0.097284
0.1002
0.1048
0.10358
0.10525
0.11044
0.11159
0.1112
0.11417
0.11709
0.11684
0.11615
0.11742
0.11822
0.11714
0.11535
0.11461
0.11406
0.11275
0.11069
0.10873
0.10724
0.10576
0.1041
0.10225
0.099911
0.0977
0.095882
0.09441
0.093481
0.093277
0.093807
0.095128
0.097302
0.10025
0.1037
0.10712
0.11047
0.11503
0.12245
0.12981
0.13324
0.13804
0.14746
0.15102
0.15402
0.16317
0.1627
0.16733
0.17122
0.16797
0.17426
0.16721
0.17117
0.16421
0.1633
0.1582
0.15208
0.14939
0.13883
0.13846
0.12511
0.12613
0.11282
0.11299
0.1039
0.09991
0.098684
0.089911
0.094243
0.087781
0.08818
0.091801
0.087066
0.091798
0.0952
0.092889
0.098023
0.10287
0.10195
0.10517
0.11103
0.11186
0.11182
0.11563
0.11852
0.1177
0.11702
0.11878
0.11947
0.11781
0.1156
0.11492
0.11456
0.11313
0.11079
0.10857
0.10699
0.10582
0.10466
0.10332
0.10149
0.09958
0.098074
0.096907
0.096325
0.09653
0.097665
0.099734
0.10257
0.10575
0.10878
0.11177
0.11624
0.12398
0.13255
0.13727
0.14157
0.15153
0.15831
0.16042
0.17014
0.17402
0.17542
0.18401
0.18068
0.18644
0.18456
0.18345
0.18436
0.17705
0.17934
0.16809
0.17006
0.15738
0.15755
0.14593
0.14291
0.13504
0.12756
0.1253
0.11387
0.11596
0.10518
0.10557
0.10283
0.096615
0.10134
0.096471
0.096129
0.10088
0.0978
0.09909
0.10443
0.10391
0.10445
0.10964
0.11171
0.11106
0.11344
0.11678
0.11704
0.11614
0.11713
0.11821
0.11743
0.11567
0.1147
0.1142
0.11304
0.11107
0.10907
0.10751
0.10604
0.10446
0.10261
0.10038
0.098087
0.096209
0.094664
0.093605
0.093265
0.093665
0.094832
0.096845
0.09967
0.10306
0.10652
0.10983
0.11401
0.12095
0.12875
0.13281
0.13668
0.14588
0.15095
0.15274
0.16194
0.16321
0.16556
0.17185
0.16753
0.17395
0.16839
0.17011
0.16644
0.16219
0.1608
0.15145
0.15176
0.13901
0.14009
0.12636
0.12666
0.11513
0.11242
0.10662
0.099098
0.1004
0.090282
0.093843
0.089375
0.086973
0.092125
0.087554
0.090403
0.095354
0.092961
0.096678
0.10256
0.10209
0.10412
0.11025
0.11203
0.11152
0.11482
0.11832
0.11799
0.11695
0.11843
0.11956
0.1182
0.11593
0.115
0.11467
0.11344
0.11122
0.10894
0.10725
0.10602
0.10492
0.10358
0.10187
0.099904
0.098322
0.097081
0.096377
0.096422
0.097391
0.099296
0.10201
0.10518
0.10825
0.11119
0.11521
0.12235
0.13119
0.13669
0.14039
0.14951
0.15778
0.15963
0.16814
0.17427
0.17421
0.18321
0.18134
0.18479
0.18618
0.18219
0.18592
0.17691
0.18033
0.16923
0.17035
0.15962
0.1572
0.1489
0.1422
0.13801
0.12709
0.12736
0.11454
0.11626
0.1072
0.10456
0.10456
0.096503
0.10089
0.097757
0.09519
0.1006
0.098516
0.098146
0.1038
0.10428
0.10387
0.10872
0.11173
0.11106
0.11275
0.11637
0.11719
0.1162
0.11684
0.11813
0.11768
0.116
0.11478
0.11432
0.11334
0.11145
0.10942
0.10776
0.10628
0.10478
0.10292
0.10079
0.098449
0.09651
0.094902
0.093732
0.093268
0.093534
0.094548
0.096402
0.099089
0.10241
0.10589
0.10922
0.11307
0.11946
0.1275
0.13233
0.13554
0.1441
0.15071
0.15183
0.1603
0.16375
0.16407
0.17189
0.16774
0.17289
0.17007
0.16872
0.16868
0.16129
0.1629
0.15147
0.15326
0.14018
0.14074
0.12854
0.12638
0.118
0.11159
0.10924
0.098745
0.10144
0.091405
0.092932
0.091082
0.086104
0.091939
0.088436
0.089062
0.095167
0.093334
0.095384
0.10195
0.10235
0.10322
0.10927
0.11214
0.1114
0.11398
0.11795
0.11826
0.11698
0.11803
0.11953
0.11858
0.11635
0.11507
0.11476
0.11378
0.11165
0.10933
0.10749
0.10621
0.10515
0.10383
0.10224
0.10027
0.098611
0.097308
0.096488
0.096368
0.097166
0.098898
0.10149
0.1046
0.10772
0.11064
0.1143
0.1208
0.12972
0.13602
0.13945
0.14752
0.15693
0.15915
0.16609
0.17417
0.17349
0.18183
0.18227
0.18311
0.18743
0.18153
0.18667
0.17766
0.18039
0.17121
0.16988
0.16241
0.15647
0.15194
0.14166
0.14056
0.1274
0.1286
0.11613
0.11591
0.10956
0.1037
0.10584
0.097071
0.10004
0.09907
0.094666
0.09998
0.099289
0.097483
0.10297
0.10462
0.1035
0.10774
0.1116
0.11116
0.11215
0.11585
0.11728
0.11633
0.11655
0.11797
0.1179
0.11633
0.11489
0.11442
0.11362
0.11185
0.10977
0.10802
0.10653
0.10509
0.10325
0.10122
0.098845
0.096836
0.095164
0.093894
0.093302
0.093434
0.094303
0.095998
0.098553
0.10178
0.10529
0.10864
0.11225
0.11805
0.12615
0.1318
0.13467
0.14226
0.15021
0.15134
0.15843
0.16411
0.16305
0.17118
0.16855
0.17132
0.17185
0.16749
0.17045
0.16106
0.16412
0.15245
0.15375
0.14227
0.14049
0.13142
0.12561
0.121
0.11094
0.11134
0.099174
0.10168
0.093201
0.091737
0.092624
0.085782
0.091243
0.089535
0.08795
0.0946
0.093921
0.094277
0.10109
0.10266
0.10254
0.10814
0.11209
0.11143
0.11321
0.11742
0.11846
0.11709
0.11762
0.11939
0.1189
0.11676
0.11513
0.11481
0.11406
0.11208
0.10971
0.10775
0.10639
0.10535
0.10405
0.10257
0.10059
0.098864
0.0975
0.096572
0.096302
0.096926
0.09849
0.10094
0.10399
0.10715
0.11008
0.11346
0.11933
0.12812
0.13522
0.13869
0.1456
0.15575
0.1589
0.16412
0.17364
0.1733
0.18004
0.18326
0.1817
0.18812
0.1816
0.18654
0.1792
0.17968
0.17374
0.16898
0.16533
0.15583
0.15463
0.14174
0.14236
0.1286
0.12898
0.11846
0.11511
0.11197
0.10322
0.1065
0.09828
0.098913
0.10022
0.094573
0.099027
0.10003
0.097128
0.10192
0.10485
0.10337
0.10669
0.11128
0.11132
0.11167
0.11524
0.11731
0.11653
0.11637
0.11779
0.1181
0.11667
0.11503
0.11452
0.11385
0.11226
0.1101
0.10828
0.10681
0.10537
0.10357
0.10163
0.099241
0.097164
0.09544
0.094072
0.093347
0.093351
0.094078
0.095625
0.098031
0.10116
0.10465
0.10803
0.11149
0.11675
0.12469
0.13111
0.134
0.14044
0.14934
0.15111
0.15652
0.1641
0.16255
0.16989
0.16966
0.16972
0.1733
0.1668
0.17141
0.16173
0.16437
0.15437
0.15337
0.14506
0.13975
0.13455
0.12496
0.12365
0.11101
0.11265
0.10053
0.10124
0.095414
0.090655
0.093715
0.086137
0.090137
0.090609
0.087239
0.093663
0.094511
0.093454
0.099951
0.10287
0.10212
0.10693
0.11182
0.11155
0.11254
0.11675
0.11858
0.11729
0.1173
0.11917
0.11919
0.11718
0.11526
0.11485
0.11432
0.11253
0.11013
0.10806
0.10663
0.10553
0.10428
0.10289
0.10095
0.099138
0.097721
0.096701
0.096286
0.096744
0.098138
0.10044
0.10341
0.10658
0.10954
0.11273
0.118
0.12647
0.13427
0.13808
0.14381
0.15424
0.15872
0.16237
0.17257
0.17348
0.17806
0.18396
0.18081
0.18803
0.18239
0.18561
0.18123
0.17851
0.17633
0.16817
0.16785
0.15575
0.15653
0.14271
0.14321
0.13074
0.12863
0.12125
0.11429
0.11407
0.10342
0.10654
0.099953
0.097774
0.10105
0.095002
0.097867
0.10059
0.097146
0.10077
0.10488
0.10347
0.1057
0.11077
0.11151
0.11131
0.11453
0.11719
0.11674
0.1162
0.11755
0.11821
0.11699
0.11524
0.11457
0.11401
0.1126
0.11051
0.10857
0.10712
0.10563
0.10392
0.10206
0.099675
0.097523
0.095734
0.094293
0.093434
0.093297
0.09389
0.095286
0.097535
0.10055
0.10401
0.10743
0.1108
0.11557
0.12318
0.13027
0.13347
0.13878
0.14814
0.15105
0.15477
0.1636
0.16256
0.1682
0.17078
0.16841
0.17413
0.16689
0.17144
0.16325
0.16377
0.1569
0.15252
0.14804
0.13903
0.13734
0.12485
0.12555
0.11199
0.11306
0.10267
0.10037
0.097674
0.090005
0.094223
0.087122
0.088818
0.091491
0.086996
0.092447
0.095024
0.092983
0.098665
0.10293
0.10195
0.10572
0.11133
0.11175
0.11201
0.11601
0.11857
0.11756
0.11709
0.11891
0.11939
0.1176
0.11547
0.11489
0.1145
0.11295
0.11057
0.10841
0.10688
0.10572
0.10454
0.10319
0.10131
0.099428
0.097956
0.096835
0.096305
0.096596
0.097809
0.099958
0.10284
0.10602
0.10902
0.11206
0.11678
0.12479
0.13315
0.13753
0.14224
0.15246
0.15848
0.16095
0.17102
0.17385
0.1762
0.18415
0.18056
0.18712
0.18377
0.18417
0.1834
0.1774
0.17853
0.16791
0.16957
0.15661
0.15745
0.14467
0.14315
0.13356
0.12791
0.12406
0.11384
0.11553
0.10444
0.106
0.10188
0.096887
0.10138
0.095905
0.096666
0.10086
0.097511
0.099608
0.10464
0.10374
0.10481
0.11006
0.11166
0.11111
0.11379
0.11694
0.11694
0.11613
0.11727
0.11823
0.11729
0.1155
0.11466
0.11414
0.11289
0.1109
0.1089
0.10739
0.1059
0.10429
0.10244
0.10015
0.097895
0.096043
0.094536
0.093539
0.093268
0.093726
0.094972
0.097062
0.099948
0.10336
0.10681
0.11014
0.11449
0.12168
0.12928
0.13301
0.13731
0.14667
0.15099
0.15331
0.1626
0.16295
0.16639
0.17161
0.16765
0.17421
0.16774
0.17071
0.16533
0.16273
0.15957
0.1517
0.1507
0.13881
0.13942
0.12563
0.12652
0.11392
0.11276
0.10528
0.099466
0.099638
0.09001
0.09411
0.088562
0.087528
0.092029
0.087264
0.091086
0.095311
0.092874
0.097326
0.10274
0.10199
0.1046
0.11065
0.11195
0.11164
0.11522
0.11844
0.11785
0.11697
0.11861
0.11953
0.11802
0.11576
0.11496
0.11462
0.1133
0.11102
0.10876
0.10714
0.10593
0.10481
0.10347
0.10169
0.099747
0.098209
0.096996
0.096351
0.096468
0.097522
0.099505
0.10228
0.10545
0.10851
0.11146
0.11569
0.12313
0.13186
0.13698
0.14093
0.15049
0.15806
0.15996
0.16913
0.17418
0.17473
0.18368
0.18097
0.18561
0.18542
0.18274
0.18526
0.17687
0.17997
0.16856
0.17033
0.15845
0.15746
0.14742
0.14256
0.1366
0.12726
0.12646
0.1141
0.11621
0.10615
0.10507
0.10377
0.09648
0.10117
0.097122
0.095608
0.10079
0.098141
0.098562
0.10413
0.1041
0.10412
0.10919
0.11173
0.11104
0.11308
0.11659
0.11712
0.11616
0.11698
0.11817
0.11756
0.11584
0.11472
0.11426
0.1132
0.11128
0.10924
0.10764
0.10616
0.10463
0.10278
0.1006
0.098284
0.096375
0.094793
0.093675
0.093271
0.093607
0.094694
0.096622
0.099376
0.10273
0.1062
0.10952
0.11351
0.12018
0.12812
0.13257
0.13606
0.14498
0.15085
0.15222
0.16114
0.16349
0.16474
0.17195
0.16755
0.17348
0.16921
0.16941
0.16762
0.16166
0.16197
0.15134
0.15264
0.13948
0.14054
0.12737
0.1266
0.11655
0.11199
0.10801
0.098834
0.10103
0.090774
0.093425
0.090255
0.086472
0.092101
0.087961
0.089694
0.095304
0.093118
0.095996
0.10228
0.10221
0.10363
0.10976
0.1121
0.11143
0.11439
0.11814
0.11813
0.11695
0.11822
0.11955
0.11839
0.11614
0.11504
0.11472
0.11362
0.11144
0.10914
0.10737
0.10612
0.10504
0.1037
0.10206
0.10009
0.098469
0.097196
0.096434
0.096393
0.097273
0.099093
0.10175
0.10488
0.10798
0.1109
0.11473
0.12155
0.13046
0.13636
0.13988
0.1485
0.15739
0.15935
0.16709
0.17427
0.17378
0.18256
0.1818
0.18391
0.18687
0.18177
0.18641
0.17718
0.18047
0.17015
0.17019
0.161
0.15685
0.15047
0.14188
0.1394
0.12715
0.12811
0.11526
0.11615
0.10839
0.10409
0.10527
0.096718
0.10049
0.098441
0.094878
0.10033
0.098906
0.097765
0.10341
0.10446
0.10365
0.10823
0.11168
0.1111
0.11242
0.11613
0.11724
0.11626
0.11668
0.11805
0.11778
0.11617
0.11483
0.11437
0.11349
0.11166
0.1096
0.10789
0.10642
0.10494
0.10309
0.10102
0.098656
0.096672
0.095033
0.093812
0.093282
0.093485
0.09442
0.096193
0.098814
0.10209
0.10558
0.10892
0.11264
0.11873
0.12682
0.13208
0.13506
0.14317
0.1505
0.15153
0.15936
0.16396
0.16348
0.17161
0.16809
0.17211
0.17099
0.16804
0.16966
0.16106
0.16365
0.15183
0.15364
0.14114
0.1407
0.12995
0.12602
0.11955
0.1112
0.1104
0.098848
0.10166
0.092247
0.092328
0.091909
0.085861
0.091643
0.088968
0.088446
0.094919
0.093623
0.094785
0.10154
0.1025
0.10283
0.1087
0.11213
0.11139
0.11357
0.1177
0.11837
0.11701
0.11781
0.11947
0.11875
0.11656
0.1151
0.11479
0.11393
0.11186
0.10951
0.10762
0.1063
0.10526
0.10395
0.10242
0.10044
0.09875
0.097413
0.096537
0.096339
0.09705
0.098694
0.10122
0.1043
0.10743
0.11035
0.11386
0.12005
0.12893
0.13563
0.13904
0.14654
0.15637
0.159
0.16508
0.17396
0.17333
0.18097
0.18279
0.18235
0.18787
0.18146
0.18672
0.17835
0.1801
0.17245
0.16945
0.1639
0.15611
0.15338
0.1416
0.1416
0.1279
0.12891
0.11723
0.11555
0.1108
0.1034
0.10625
0.097614
0.099488
0.099701
0.094556
0.099533
0.099679
0.097266
0.10246
0.10475
0.10341
0.10721
0.11147
0.11123
0.11189
0.11555
0.11731
0.11642
0.11645
0.11788
0.11801
0.1165
0.11494
0.11447
0.11375
0.11207
0.10994
0.10816
0.10667
0.10523
0.10342
0.10144
0.099043
0.09701
0.0953
0.093981
0.093321
0.093394
0.094188
0.095803
0.098291
0.10147
0.10497
0.10834
0.11186
0.11738
0.12542
0.13148
0.13432
0.14133
0.14982
0.1512
0.15745
0.16416
0.16273
0.17058
0.16909
0.17049
0.17264
0.16704
0.17103
0.16127
0.16435
0.15332
0.15363
0.14362
0.14013
0.13301
0.12523
0.12241
0.11087
0.11211
0.099741
0.10152
0.094302
0.091145
0.093256
0.085887
0.090719
0.090097
0.087526
0.09416
0.094231
0.093821
0.10053
0.10278
0.10229
0.10753
0.11198
0.11148
0.11285
0.11709
0.11853
0.11718
0.11743
0.11928
0.11904
0.11696
0.11517
0.11482
0.11419
0.1123
0.10991
0.1079
0.10649
0.10544
0.10416
0.10273
0.10077
0.099002
0.097611
0.096633
0.096294
0.096836
